optS0 = -1374.17495016
tdS0 = -1374.07973061
optS1 = -1374.08901783
optR1 = -1374.0834649

Name     Definition     optS0     optS1     optR1
  R1         R(1,2)    1.3342    1.3309    1.3285
  R2         R(1,5)    1.3897    1.4127    1.4093
  R3        R(1,19)    1.5549    1.5449    1.5468
  R4         R(2,3)    1.4173    1.4259    1.4254
  R5        R(2,21)    1.0882    1.0876    1.0873
  R6         R(3,4)    1.3956    1.4096    1.4089
  R7        R(3,30)    1.4721    1.4545    1.4569
  R8         R(4,5)    1.4148    1.4054    1.4035
  R9        R(4,22)    1.0864    1.0844    1.0844
 R10        R(5,12)    1.4055    1.4219    1.4434
 R11         R(6,7)    1.3926    1.3924    1.3894
 R12        R(6,11)    1.4032    1.4063    1.4157
 R13        R(6,23)    1.0908    1.0913    1.0871
 R14         R(7,8)    1.3954    1.3960    1.3963
 R15        R(7,24)    1.0902    1.0906    1.0905
 R16         R(8,9)    1.3955    1.3956    1.3963
 R17        R(8,25)    1.0904    1.0904    1.0901
 R18        R(9,10)    1.3926    1.3929    1.3894
 R19        R(9,26)    1.0902    1.0906    1.0905
 R20       R(10,11)    1.4030    1.4057    1.4157
 R21       R(10,27)    1.0907    1.0908    1.0872
 R22       R(11,12)    1.4779    1.4727    1.4527
 R23       R(12,13)    1.4055    1.4225    1.4434
 R24       R(13,14)    1.4149    1.4049    1.4036
 R25       R(13,17)    1.3891    1.4108    1.4093
 R26       R(14,15)    1.3955    1.4094    1.4089
 R27       R(14,28)    1.0866    1.0851    1.0844
 R28       R(15,16)    1.4174    1.4266    1.4254
 R29       R(15,41)    1.4720    1.4544    1.4569
 R30       R(16,17)    1.3343    1.3307    1.3284
 R31       R(16,29)    1.0882    1.0876    1.0873
 R32       R(17,19)    1.5537    1.5430    1.5468
 R33       R(18,19)    1.3919    1.3930    1.3877
 R34       R(19,20)    1.3954    1.4004    1.3947
 R35       R(30,31)    1.4029    1.4093    1.4083
 R36       R(30,32)    1.4030    1.4099    1.4088
 R37       R(31,33)    1.3927    1.3897    1.3900
 R38       R(31,36)    1.0912    1.0903    1.0904
 R39       R(32,34)    1.3932    1.3896    1.3901
 R40       R(32,37)    1.0913    1.0903    1.0903
 R41       R(33,35)    1.3959    1.3975    1.3973
 R42       R(33,38)    1.0906    1.0903    1.0904
 R43       R(34,35)    1.3953    1.3975    1.3970
 R44       R(34,39)    1.0906    1.0903    1.0903
 R45       R(35,40)    1.0904    1.0904    1.0903
 R46       R(41,42)    1.4029    1.4093    1.4089
 R47       R(41,43)    1.4030    1.4099    1.4083
 R48       R(42,44)    1.3928    1.3897    1.3901
 R49       R(42,47)    1.0913    1.0903    1.0903
 R50       R(43,45)    1.3932    1.3895    1.3900
 R51       R(43,48)    1.0912    1.0903    1.0904
 R52       R(44,46)    1.3958    1.3975    1.3971
 R53       R(44,49)    1.0906    1.0904    1.0903
 R54       R(45,46)    1.3953    1.3976    1.3973
 R55       R(45,50)    1.0906    1.0903    1.0904
 R56       R(46,51)    1.0904    1.0903    1.0903
  A1       A(2,1,5)  108.2742  108.7072  109.2659
  A2      A(2,1,19)  125.4558  125.0399  128.2185
  A3      A(5,1,19)  125.7426  125.4337  122.5143
  A4       A(1,2,3)  110.5199  110.0223  109.6745
  A5      A(1,2,21)  120.4690  120.3511  120.3406
  A6      A(3,2,21)  128.9851  129.5876  129.9764
  A7       A(2,3,4)  105.8072  106.0397  106.0122
  A8      A(2,3,30)  126.0100  125.6288  125.8530
  A9      A(4,3,30)  128.1783  128.3269  128.1341
 A10       A(3,4,5)  107.5207  107.6499  107.8669
 A11      A(3,4,22)  127.2255  127.1362  126.5491
 A12      A(5,4,22)  125.2509  125.2070  125.4136
 A13       A(1,5,4)  107.8712  107.5603  107.1771
 A14      A(1,5,12)  120.9205  120.5820  119.5287
 A15      A(4,5,12)  131.2064  131.8373  132.8722
 A16      A(7,6,11)  120.1255  120.7125  121.3283
 A17      A(7,6,23)  120.2585  119.9536  118.5471
 A18     A(11,6,23)  119.5969  119.3217  120.0899
 A19       A(6,7,8)  120.1538  120.2618  120.6756
 A20      A(6,7,24)  119.6472  119.6020  119.2082
 A21      A(8,7,24)  120.1988  120.1346  120.1119
 A22       A(7,8,9)  119.9664  119.5793  118.9518
 A23      A(7,8,25)  120.0210  120.2146  120.5152
 A24      A(9,8,25)  120.0126  120.2059  120.5152
 A25      A(8,9,10)  120.1695  120.3204  120.6755
 A26      A(8,9,26)  120.1920  120.1175  120.1115
 A27     A(10,9,26)  119.6382  119.5594  119.2085
 A28     A(9,10,11)  120.1114  120.6522  121.3266
 A29     A(9,10,27)  120.2182  119.7723  118.5492
 A30    A(11,10,27)  119.6465  119.5493  120.0895
 A31     A(6,11,10)  119.4676  118.4717  116.9399
 A32     A(6,11,12)  120.1105  120.2233  121.4840
 A33    A(10,11,12)  120.4214  121.3028  121.4749
 A34     A(5,12,11)  120.3226  121.6017  123.3930
 A35     A(5,12,13)  119.8103  118.2169  112.9769
 A36    A(11,12,13)  119.8640  120.0863  123.4147
 A37    A(12,13,14)  130.9145  131.0286  132.8938
 A38    A(12,13,17)  121.0590  121.1071  119.5158
 A39    A(14,13,17)  107.8819  107.6552  107.1719
 A40    A(13,14,15)  107.5074  107.6033  107.8707
 A41    A(13,14,28)  125.1609  124.8851  125.4170
 A42    A(15,14,28)  127.2789  127.4212  126.5439
 A43    A(14,15,16)  105.8222  106.0349  106.0091
 A44    A(14,15,41)  128.0756  128.3769  128.1478
 A45    A(16,15,41)  126.1014  125.5879  125.8424
 A46    A(15,16,17)  110.4863  109.9797  109.6767
 A47    A(15,16,29)  129.0146  129.6003  129.9833
 A48    A(17,16,29)  120.4963  120.4132  120.3322
 A49    A(13,17,16)  108.3009  108.7220  109.2682
 A50    A(13,17,19)  125.8323  125.3006  122.5252
 A51    A(16,17,19)  125.8628  125.8376  128.2049
 A52     A(1,19,17)  105.5898  104.6323  102.2966
 A53     A(1,19,18)  110.6439  110.8447  110.7075
 A54     A(1,19,20)  109.7665  110.1625  110.5735
 A55    A(17,19,18)  110.3263  110.8145  110.7058
 A56    A(17,19,20)  110.2212  110.4494  110.5736
 A57    A(18,19,20)  110.2019  109.8409  111.6223
 A58     A(3,30,31)  120.5937  120.5123  120.5579
 A59     A(3,30,32)  120.8274  121.1166  121.0506
 A60    A(31,30,32)  118.5789  118.3710  118.3912
 A61    A(30,31,33)  120.6898  120.7208  120.7306
 A62    A(30,31,36)  119.7012  119.7431  119.7736
 A63    A(33,31,36)  119.6015  119.5346  119.4936
 A64    A(30,32,34)  120.6790  120.7144  120.7088
 A65    A(30,32,37)  119.8815  120.0419  120.0112
 A66    A(34,32,37)  119.4331  119.2416  119.2779
 A67    A(31,33,35)  120.2742  120.2616  120.2580
 A68    A(31,33,38)  119.6151  119.6782  119.6639
 A69    A(35,33,38)  120.1094  120.0601  120.0778
 A70    A(32,34,35)  120.2723  120.2602  120.2685
 A71    A(32,34,39)  119.5977  119.6425  119.6302
 A72    A(35,34,39)  120.1287  120.0972  120.1012
 A73    A(33,35,34)  119.5050  119.6720  119.6427
 A74    A(33,35,40)  120.2471  120.1683  120.1842
 A75    A(34,35,40)  120.2479  120.1598  120.1731
 A76    A(15,41,42)  120.5285  120.5108  121.0400
 A77    A(15,41,43)  120.8736  121.1007  120.5723
 A78    A(42,41,43)  118.5978  118.3884  118.3874
 A79    A(41,42,44)  120.6838  120.7061  120.7142
 A80    A(41,42,47)  119.6521  119.7171  120.0117
 A81    A(44,42,47)  119.6565  119.5747  119.2721
 A82    A(41,43,45)  120.6642  120.7103  120.7297
 A83    A(41,43,48)  119.8723  120.0105  119.7836
 A84    A(45,43,48)  119.4557  119.2771  119.4847
 A85    A(42,44,46)  120.2608  120.2615  120.2660
 A86    A(42,44,49)  119.6299  119.6856  119.6323
 A87    A(46,44,49)  120.1077  120.0528  120.1016
 A88    A(43,45,46)  120.2712  120.2518  120.2615
 A89    A(43,45,50)  119.6053  119.6507  119.6613
 A90    A(46,45,50)  120.1223  120.0974  120.0770
 A91    A(44,46,45)  119.5212  119.6820  119.6411
 A92    A(44,46,51)  120.2408  120.1650  120.1752
 A93    A(45,46,51)  120.2380  120.1530  120.1837
  D1     D(5,1,2,3)   -0.1098   -0.7813   -0.0176
  D2    D(5,1,2,21) -178.4171 -178.7218 -179.0604
  D3    D(19,1,2,3)  171.9338  169.3008 -179.6046
  D4   D(19,1,2,21)   -6.3735   -8.6397    1.3525
  D5     D(2,1,5,4)    0.5828    1.3820   -0.3436
  D6    D(2,1,5,12) -179.8623 -177.1582 -173.8215
  D7    D(19,1,5,4) -171.4320 -168.6514  179.2717
  D8   D(19,1,5,12)    8.1228   12.8085    5.7937
  D9   D(2,1,19,17)  177.5359  167.8003  141.9835
 D10   D(2,1,19,18)   58.1626   48.3029   23.9971
 D11   D(2,1,19,20)  -63.6754  -73.4797 -100.2429
 D12   D(5,1,19,17)  -11.7836  -23.7496  -37.5543
 D13   D(5,1,19,18) -131.1569 -143.2470 -155.5407
 D14   D(5,1,19,20)  107.0051   94.9704   80.2193
 D15     D(1,2,3,4)   -0.4082   -0.1156    0.3682
 D16    D(1,2,3,30) -179.6858 -179.3913 -179.3442
 D17    D(21,2,3,4)  177.7148  177.5781  179.2903
 D18   D(21,2,3,30)   -1.5627   -1.6975   -0.4222
 D19     D(2,3,4,5)    0.7490    0.9648   -0.5715
 D20    D(2,3,4,22) -179.8523 -179.9585  174.8686
 D21    D(30,3,4,5) -179.9945 -179.7857  179.1322
 D22   D(30,3,4,22)   -0.5958   -0.7089   -5.4276
 D23   D(2,3,30,31)  158.7073  173.3105  173.3256
 D24   D(2,3,30,32)  -21.2340   -6.7933   -6.8928
 D25   D(4,3,30,31)  -20.4084   -5.8022   -6.3230
 D26   D(4,3,30,32)  159.6504  174.0941  173.4586
 D27     D(3,4,5,1)   -0.8341   -1.4357    0.5684
 D28    D(3,4,5,12)  179.6734  176.8774  172.8182
 D29    D(22,4,5,1)  179.7521  179.4651 -174.9370
 D30   D(22,4,5,12)    0.2597   -2.2218   -2.6872
 D31   D(1,5,12,11)  178.9855 -179.2730 -153.7932
 D32   D(1,5,12,13)   -0.3669    4.2728   31.3826
 D33   D(4,5,12,11)   -1.5776    2.5952   34.7220
 D34   D(4,5,12,13)  179.0700 -173.8590 -140.1021
 D35    D(11,6,7,8)   -0.7455   -0.1815    0.8325
 D36   D(11,6,7,24)  179.1417  179.3675 -179.9200
 D37    D(23,6,7,8) -179.1499 -178.9043 -177.0262
 D38   D(23,6,7,24)    0.7374    0.6447    2.2214
 D39   D(7,6,11,10)    0.4830    0.4939   -3.2207
 D40   D(7,6,11,12) -179.7904  179.9449 -179.6137
 D41  D(23,6,11,10)  178.8979  179.2247  174.6053
 D42  D(23,6,11,12)   -1.3754   -1.3242   -1.7877
 D43     D(6,7,8,9)    0.3029   -0.2006    1.6791
 D44    D(6,7,8,25) -179.6317  179.9723 -179.8479
 D45    D(24,7,8,9) -179.5837 -179.7472 -177.5617
 D46   D(24,7,8,25)    0.4816    0.4257    0.9114
 D47    D(7,8,9,10)    0.4028    0.2606   -1.6822
 D48    D(7,8,9,26) -179.3874 -179.1420  177.5486
 D49   D(25,8,9,10) -179.6626 -179.9123  179.8447
 D50   D(25,8,9,26)    0.5473    0.6851   -0.9244
 D51   D(8,9,10,11)   -0.6632    0.0609   -0.8260
 D52   D(8,9,10,27) -178.8784 -178.0656  177.0338
 D53  D(26,9,10,11)  179.1282  179.4668  179.9363
 D54  D(26,9,10,27)    0.9129    1.3403   -2.2038
 D55   D(9,10,11,6)    0.2204   -0.4336    3.2175
 D56  D(9,10,11,12) -179.5054 -179.8784  179.6108
 D57  D(27,10,11,6)  178.4459  177.6971 -174.6098
 D58 D(27,10,11,12)   -1.2799   -1.7478    1.7835
 D59   D(6,11,12,5)  128.3787  134.2231 -178.9399
 D60  D(6,11,12,13)  -52.2692  -49.3879   -4.6504
 D61  D(10,11,12,5)  -51.8973  -46.3417    4.8307
 D62 D(10,11,12,13)  127.4548  130.0473  179.1201
 D63  D(5,12,13,14)  173.6678  168.2240  140.0933
 D64  D(5,12,13,17)   -1.3961   -5.8306  -31.4259
 D65 D(11,12,13,14)   -5.6877   -8.2858  -34.7295
 D66 D(11,12,13,17)  179.2484  177.6596  153.7512
 D67 D(12,13,14,15) -175.8796 -174.0852 -172.8578
 D68 D(12,13,14,28)    1.6367    2.6709    2.6710
 D69 D(17,13,14,15)   -0.3216    0.5745   -0.5775
 D70 D(17,13,14,28)  177.1946  177.3306  174.9513
 D71 D(12,13,17,16)  176.2402  174.5669  173.8642
 D72 D(12,13,17,19)   -4.4551   -9.5308   -5.7014
 D73 D(14,13,17,16)    0.1579   -0.7294    0.3574
 D74 D(14,13,17,19)  179.4626  175.1728 -179.2081
 D75 D(13,14,15,16)    0.3509   -0.2236    0.5730
 D76 D(13,14,15,41) -179.9612  179.5913 -179.1412
 D77 D(28,14,15,16) -177.0971 -176.8728 -174.8914
 D78 D(28,14,15,41)    2.5908    2.9420    5.3944
 D79 D(14,15,16,17)   -0.2645   -0.2326   -0.3610
 D80 D(14,15,16,29) -179.6498 -179.2660 -179.3239
 D81 D(41,15,16,17) -179.9604  179.9459  179.3618
 D82 D(41,15,16,29)    0.6543    0.9125    0.3988
 D83 D(14,15,41,42)   22.0434    6.3273 -173.8235
 D84 D(14,15,41,43) -157.8886 -173.5610    5.9692
 D85 D(16,15,41,42) -158.3283 -173.8915    6.5154
 D86 D(16,15,41,43)   21.7398    6.2202 -173.6919
 D87 D(15,16,17,13)    0.0662    0.5954    0.0045
 D88 D(15,16,17,19) -179.2383 -175.2793  179.5383
 D89 D(29,16,17,13)  179.5119  179.7318  179.0838
 D90 D(29,16,17,19)    0.2074    3.8571   -1.3824
 D91  D(13,17,19,1)    9.9548   22.0546   37.5086
 D92 D(13,17,19,18)  129.5380  141.5723  155.4962
 D93 D(13,17,19,20) -108.5310  -96.4708  -80.2650
 D94  D(16,17,19,1) -170.8598 -162.7341 -141.9695
 D95 D(16,17,19,18)  -51.2766  -43.2164  -23.9819
 D96 D(16,17,19,20)   70.6545   78.7404  100.2569
 D97  D(3,30,31,33) -179.9993  179.9495  179.6122
 D98  D(3,30,31,36)   -1.0013   -0.4905   -0.9297
 D99 D(32,30,31,33)   -0.0567    0.0505   -0.1752
D100 D(32,30,31,36)  178.9412  179.6104  179.2830
D101  D(3,30,32,34)  179.7217 -179.9347 -179.6321
D102  D(3,30,32,37)   -1.2096   -0.4741   -0.1642
D103 D(31,30,32,34)   -0.2208   -0.0364    0.1541
D104 D(31,30,32,37)  178.8480  179.4243  179.6220
D105 D(30,31,33,35)    0.2446   -0.0347    0.0853
D106 D(30,31,33,38)  179.8303  179.8821  179.9153
D107 D(36,31,33,35) -178.7544 -179.5956 -179.3744
D108 D(36,31,33,38)    0.8314    0.3212    0.4557
D109 D(30,32,34,35)    0.3122    0.0064   -0.0432
D110 D(30,32,34,39)  179.9075  179.8617  179.8495
D111 D(37,32,34,35) -178.7607 -179.4585 -179.5149
D112 D(37,32,34,39)    0.8346    0.3968    0.3777
D113 D(31,33,35,34)   -0.1542    0.0037    0.0295
D114 D(31,33,35,40)  179.8275 -179.9739  179.9603
D115 D(38,33,35,34) -179.7380 -179.9128 -179.7998
D116 D(38,33,35,40)    0.2438    0.1097    0.1310
D117 D(32,34,35,33)   -0.1223    0.0104   -0.0505
D118 D(32,34,35,40)  179.8960  179.9880 -179.9812
D119 D(39,34,35,33) -179.7154 -179.8442 -179.9426
D120 D(39,34,35,40)    0.3028    0.1333    0.1266
D121 D(15,41,42,44) -179.7427 -179.8776  179.6719
D122 D(15,41,42,47)    1.2612    0.6446    0.1761
D123 D(43,41,42,44)    0.1908    0.0137   -0.1252
D124 D(43,41,42,47) -178.8053 -179.4641 -179.6210
D125 D(15,41,43,45) -179.9589  179.8865 -179.6484
D126 D(15,41,43,48)    1.0614    0.4203    0.8702
D127 D(42,41,43,45)    0.1079   -0.0041    0.1497
D128 D(42,41,43,48) -178.8718 -179.4703 -179.3317
D129 D(41,42,44,46)   -0.3259   -0.0109    0.0308
D130 D(41,42,44,49) -179.8652 -179.8724 -179.8656
D131 D(47,42,44,46)  178.6701  179.4677  179.5303
D132 D(47,42,44,49)   -0.8692   -0.3939   -0.3661
D133 D(41,43,45,46)   -0.2731   -0.0084   -0.0797
D134 D(41,43,45,50) -179.8778 -179.8801 -179.9127
D135 D(48,43,45,46)  178.7108  179.4616  179.4032
D136 D(48,43,45,50)   -0.8939   -0.4100   -0.4297
D137 D(42,44,46,45)    0.1591   -0.0019    0.0423
D138 D(42,44,46,51) -179.8026 -179.9753  179.9774
D139 D(49,44,46,45)  179.6962  179.8592  179.9382
D140 D(49,44,46,51)   -0.2656   -0.1143   -0.1266
D141 D(43,45,46,44)    0.1384    0.0114   -0.0179
D142 D(43,45,46,51) -179.8998  179.9849 -179.9531
D143 D(50,45,46,44)  179.7410  179.8825  179.8143
D144 D(50,45,46,51)   -0.2972   -0.1440   -0.1209
