optS0 = -1374.17495016
tdS0 = -1374.07973061
optS1 = -1374.08901783
optR1 = -1374.0834649

Name     Definition    optS0    optS1    optR1
  R1         R(1,2)  2.52132  2.51504  2.51047
  R2         R(1,5)  2.62618  2.66964  2.66312
  R3        R(1,19)  2.93833  2.91943  2.92295
  R4         R(2,3)  2.67835  2.69465  2.69362
  R5        R(2,21)  2.05642  2.05535  2.05462
  R6         R(3,4)  2.63738  2.66378  2.66244
  R7        R(3,30)  2.78178  2.74863  2.75314
  R8         R(4,5)  2.67366  2.65576  2.65232
  R9        R(4,22)  2.05302  2.04925  2.04931
 R10        R(5,12)  2.65600  2.68698  2.72754
 R11         R(6,7)  2.63169  2.63119  2.62560
 R12        R(6,11)  2.65161  2.65751  2.67529
 R13        R(6,23)  2.06132  2.06226  2.05437
 R14         R(7,8)  2.63693  2.63797  2.63855
 R15        R(7,24)  2.06014  2.06096  2.06078
 R16         R(8,9)  2.63711  2.63724  2.63864
 R17        R(8,25)  2.06062  2.06056  2.05993
 R18        R(9,10)  2.63169  2.63216  2.62559
 R19        R(9,26)  2.06011  2.06094  2.06078
 R20       R(10,11)  2.65133  2.65647  2.67537
 R21       R(10,27)  2.06121  2.06126  2.05444
 R22       R(11,12)  2.79276  2.78309  2.74512
 R23       R(12,13)  2.65601  2.68815  2.72765
 R24       R(13,14)  2.67375  2.65495  2.65234
 R25       R(13,17)  2.62497  2.66606  2.66327
 R26       R(14,15)  2.63711  2.66330  2.66250
 R27       R(14,28)  2.05337  2.05055  2.04923
 R28       R(15,16)  2.67856  2.69595  2.69368
 R29       R(15,41)  2.78160  2.74848  2.75311
 R30       R(16,17)  2.52142  2.51471  2.51036
 R31       R(16,29)  2.05635  2.05519  2.05464
 R32       R(17,19)  2.93607  2.91579  2.92303
 R33       R(18,19)  2.63023  2.63233  2.62243
 R34       R(19,20)  2.63690  2.64639  2.63554
 R35       R(30,31)  2.65118  2.66324  2.66125
 R36       R(30,32)  2.65127  2.66429  2.66233
 R37       R(31,33)  2.63185  2.62610  2.62674
 R38       R(31,36)  2.06205  2.06029  2.06048
 R39       R(32,34)  2.63285  2.62588  2.62685
 R40       R(32,37)  2.06217  2.06040  2.06046
 R41       R(33,35)  2.63781  2.64089  2.64046
 R42       R(33,38)  2.06102  2.06045  2.06051
 R43       R(34,35)  2.63672  2.64088  2.64002
 R44       R(34,39)  2.06102  2.06031  2.06042
 R45       R(35,40)  2.06060  2.06048  2.06046
 R46       R(41,42)  2.65111  2.66320  2.66234
 R47       R(41,43)  2.65130  2.66430  2.66133
 R48       R(42,44)  2.63207  2.62613  2.62684
 R49       R(42,47)  2.06218  2.06042  2.06046
 R50       R(43,45)  2.63278  2.62572  2.62674
 R51       R(43,48)  2.06216  2.06045  2.06047
 R52       R(44,46)  2.63766  2.64087  2.64010
 R53       R(44,49)  2.06100  2.06047  2.06041
 R54       R(45,46)  2.63681  2.64100  2.64044
 R55       R(45,50)  2.06097  2.06029  2.06054
 R56       R(46,51)  2.06060  2.06045  2.06046
  A1       A(2,1,5)  1.88974  1.89730  1.90705
  A2      A(2,1,19)  2.18962  2.18236  2.23783
  A3      A(5,1,19)  2.19462  2.18923  2.13828
  A4       A(1,2,3)  1.92894  1.92025  1.91418
  A5      A(1,2,21)  2.10258  2.10052  2.10034
  A6      A(3,2,21)  2.25121  2.26173  2.26852
  A7       A(2,3,4)  1.84668  1.85074  1.85026
  A8      A(2,3,30)  2.19929  2.19264  2.19655
  A9      A(4,3,30)  2.23713  2.23973  2.23636
 A10       A(3,4,5)  1.87659  1.87885  1.88263
 A11      A(3,4,22)  2.22050  2.21894  2.20870
 A12      A(5,4,22)  2.18604  2.18527  2.18888
 A13       A(1,5,4)  1.88271  1.87728  1.87059
 A14      A(1,5,12)  2.11046  2.10455  2.08617
 A15      A(4,5,12)  2.28998  2.30099  2.31906
 A16      A(7,6,11)  2.09659  2.10683  2.11758
 A17      A(7,6,23)  2.09891  2.09359  2.06904
 A18     A(11,6,23)  2.08736  2.08256  2.09596
 A19       A(6,7,8)  2.09708  2.09896  2.10619
 A20      A(6,7,24)  2.08824  2.08745  2.08058
 A21      A(8,7,24)  2.09787  2.09674  2.09635
 A22       A(7,8,9)  2.09381  2.08705  2.07610
 A23      A(7,8,25)  2.09476  2.09814  2.10339
 A24      A(9,8,25)  2.09462  2.09799  2.10339
 A25      A(8,9,10)  2.09735  2.09999  2.10619
 A26      A(8,9,26)  2.09775  2.09645  2.09634
 A27     A(10,9,26)  2.08808  2.08670  2.08058
 A28     A(9,10,11)  2.09634  2.10578  2.11755
 A29     A(9,10,27)  2.09820  2.09042  2.06907
 A30    A(11,10,27)  2.08823  2.08653  2.09596
 A31     A(6,11,10)  2.08510  2.06772  2.04099
 A32     A(6,11,12)  2.09632  2.09829  2.12030
 A33    A(10,11,12)  2.10175  2.11713  2.12014
 A34     A(5,12,11)  2.10003  2.12235  2.15361
 A35     A(5,12,13)  2.09108  2.06327  1.97182
 A36    A(11,12,13)  2.09202  2.09590  2.15399
 A37    A(12,13,14)  2.28489  2.28688  2.31943
 A38    A(12,13,17)  2.11288  2.11372  2.08594
 A39    A(14,13,17)  1.88289  1.87894  1.87050
 A40    A(13,14,15)  1.87636  1.87803  1.88270
 A41    A(13,14,28)  2.18447  2.17966  2.18894
 A42    A(15,14,28)  2.22144  2.22392  2.20861
 A43    A(14,15,16)  1.84695  1.85066  1.85021
 A44    A(14,15,41)  2.23534  2.24060  2.23660
 A45    A(16,15,41)  2.20088  2.19192  2.19636
 A46    A(15,16,17)  1.92835  1.91951  1.91422
 A47    A(15,16,29)  2.25173  2.26195  2.26864
 A48    A(17,16,29)  2.10306  2.10161  2.10019
 A49    A(13,17,16)  1.89021  1.89756  1.90709
 A50    A(13,17,19)  2.19619  2.18691  2.13847
 A51    A(16,17,19)  2.19672  2.19628  2.23760
 A52     A(1,19,17)  1.84289  1.82618  1.78541
 A53     A(1,19,18)  1.93110  1.93460  1.93221
 A54     A(1,19,20)  1.91579  1.92270  1.92987
 A55    A(17,19,18)  1.92556  1.93408  1.93218
 A56    A(17,19,20)  1.92372  1.92771  1.92987
 A57    A(18,19,20)  1.92339  1.91709  1.94818
 A58     A(3,30,31)  2.10476  2.10334  2.10413
 A59     A(3,30,32)  2.10884  2.11388  2.11273
 A60    A(31,30,32)  2.06959  2.06596  2.06632
 A61    A(30,31,33)  2.10643  2.10698  2.10715
 A62    A(30,31,36)  2.08918  2.08991  2.09044
 A63    A(33,31,36)  2.08744  2.08627  2.08556
 A64    A(30,32,34)  2.10625  2.10686  2.10677
 A65    A(30,32,37)  2.09233  2.09513  2.09459
 A66    A(34,32,37)  2.08450  2.08116  2.08179
 A67    A(31,33,35)  2.09918  2.09896  2.09890
 A68    A(31,33,38)  2.08768  2.08878  2.08853
 A69    A(35,33,38)  2.09631  2.09544  2.09575
 A70    A(32,34,35)  2.09915  2.09894  2.09908
 A71    A(32,34,39)  2.08737  2.08816  2.08794
 A72    A(35,34,39)  2.09664  2.09609  2.09616
 A73    A(33,35,34)  2.08576  2.08867  2.08816
 A74    A(33,35,40)  2.09871  2.09733  2.09761
 A75    A(34,35,40)  2.09872  2.09718  2.09742
 A76    A(15,41,42)  2.10362  2.10331  2.11255
 A77    A(15,41,43)  2.10964  2.11361  2.10438
 A78    A(42,41,43)  2.06992  2.06627  2.06625
 A79    A(41,42,44)  2.10633  2.10672  2.10686
 A80    A(41,42,47)  2.08832  2.08946  2.09460
 A81    A(44,42,47)  2.08840  2.08697  2.08169
 A82    A(41,43,45)  2.10599  2.10679  2.10713
 A83    A(41,43,48)  2.09217  2.09458  2.09062
 A84    A(45,43,48)  2.08490  2.08178  2.08540
 A85    A(42,44,46)  2.09895  2.09896  2.09904
 A86    A(42,44,49)  2.08794  2.08891  2.08798
 A87    A(46,44,49)  2.09627  2.09532  2.09617
 A88    A(43,45,46)  2.09913  2.09879  2.09896
 A89    A(43,45,50)  2.08751  2.08830  2.08848
 A90    A(46,45,50)  2.09653  2.09610  2.09574
 A91    A(44,46,45)  2.08604  2.08884  2.08813
 A92    A(44,46,51)  2.09860  2.09728  2.09745
 A93    A(45,46,51)  2.09855  2.09707  2.09760
  D1     D(5,1,2,3) -0.00192 -0.01363 -0.00031
  D2    D(5,1,2,21) -3.11397 -3.11928 -3.12519
  D3    D(19,1,2,3)  3.00081  2.95486 -3.13469
  D4   D(19,1,2,21) -0.11124 -0.15079  0.02360
  D5     D(2,1,5,4)  0.01017  0.02412 -0.00600
  D6    D(2,1,5,12) -3.13919 -3.09200 -3.03376
  D7    D(19,1,5,4) -2.99205 -2.94352  3.12888
  D8   D(19,1,5,12)  0.14177  0.22355  0.10112
  D9   D(2,1,19,17)  3.09859  2.92867  2.47808
 D10   D(2,1,19,18)  1.01513  0.84305  0.41883
 D11   D(2,1,19,20) -1.11134 -1.28246 -1.74957
 D12   D(5,1,19,17) -0.20566 -0.41451 -0.65544
 D13   D(5,1,19,18) -2.28912 -2.50013 -2.71470
 D14   D(5,1,19,20)  1.86759  1.65755  1.40009
 D15     D(1,2,3,4) -0.00713 -0.00202  0.00643
 D16    D(1,2,3,30) -3.13611 -3.13097 -3.13015
 D17    D(21,2,3,4)  3.10171  3.09932  3.12921
 D18   D(21,2,3,30) -0.02727 -0.02963 -0.00737
 D19     D(2,3,4,5)  0.01307  0.01685 -0.00998
 D20    D(2,3,4,22) -3.13901 -3.14087  3.05203
 D21    D(30,3,4,5) -3.14150 -3.13785  3.12645
 D22   D(30,3,4,22) -0.01040 -0.01238 -0.09473
 D23   D(2,3,30,31)  2.76996  3.02482  3.02510
 D24   D(2,3,30,32) -0.37060 -0.11859 -0.12030
 D25   D(4,3,30,31) -0.35619 -0.10128 -0.11036
 D26   D(4,3,30,32)  2.78642  3.03850  3.02742
 D27     D(3,4,5,1) -0.01456 -0.02506  0.00992
 D28    D(3,4,5,12)  3.13589  3.08709  3.01625
 D29    D(22,4,5,1)  3.13727  3.13226 -3.05323
 D30   D(22,4,5,12)  0.00453 -0.03877 -0.04690
 D31   D(1,5,12,11)  3.12389 -3.12890 -2.68420
 D32   D(1,5,12,13) -0.00640  0.07458  0.54773
 D33   D(4,5,12,11) -0.02753  0.04530  0.60601
 D34   D(4,5,12,13)  3.12536 -3.03441 -2.44525
 D35    D(11,6,7,8) -0.01301 -0.00317  0.01453
 D36   D(11,6,7,24)  3.12661  3.13055 -3.14020
 D37    D(23,6,7,8) -3.12676 -3.12247 -3.08969
 D38   D(23,6,7,24)  0.01287  0.01125  0.03877
 D39   D(7,6,11,10)  0.00843  0.00862 -0.05621
 D40   D(7,6,11,12) -3.13793  3.14063 -3.13485
 D41  D(23,6,11,10)  3.12236  3.12806  3.04744
 D42  D(23,6,11,12) -0.02401 -0.02311 -0.03120
 D43     D(6,7,8,9)  0.00529 -0.00350  0.02931
 D44    D(6,7,8,25) -3.13517  3.14111 -3.13894
 D45    D(24,7,8,9) -3.13433 -3.13718 -3.09904
 D46   D(24,7,8,25)  0.00841  0.00743  0.01591
 D47    D(7,8,9,10)  0.00703  0.00455 -0.02936
 D48    D(7,8,9,26) -3.13090 -3.12662  3.09881
 D49   D(25,8,9,10) -3.13570 -3.14006  3.13888
 D50   D(25,8,9,26)  0.00955  0.01196 -0.01613
 D51   D(8,9,10,11) -0.01157  0.00106 -0.01442
 D52   D(8,9,10,27) -3.12202 -3.10783  3.08982
 D53  D(26,9,10,11)  3.12638  3.13229  3.14048
 D54  D(26,9,10,27)  0.01593  0.02339 -0.03846
 D55   D(9,10,11,6)  0.00385 -0.00757  0.05616
 D56  D(9,10,11,12) -3.13296 -3.13947  3.13480
 D57  D(27,10,11,6)  3.11447  3.10140 -3.04752
 D58 D(27,10,11,12) -0.02234 -0.03051  0.03113
 D59   D(6,11,12,5)  2.24063  2.34263 -3.12309
 D60  D(6,11,12,13) -0.91227 -0.86199 -0.08116
 D61  D(10,11,12,5) -0.90578 -0.80882  0.08431
 D62 D(10,11,12,13)  2.22451  2.26975  3.12624
 D63  D(5,12,13,14)  3.03108  2.93606  2.44509
 D64  D(5,12,13,17) -0.02437 -0.10176 -0.54848
 D65 D(11,12,13,14) -0.09927 -0.14462 -0.60614
 D66 D(11,12,13,17)  3.12848  3.10075  2.68347
 D67 D(12,13,14,15) -3.06968 -3.03836 -3.01694
 D68 D(12,13,14,28)  0.02856  0.04662  0.04662
 D69 D(17,13,14,15) -0.00561  0.01003 -0.01008
 D70 D(17,13,14,28)  3.09263  3.09500  3.05348
 D71 D(12,13,17,16)  3.07597  3.04677  3.03450
 D72 D(12,13,17,19) -0.07776 -0.16635 -0.09951
 D73 D(14,13,17,16)  0.00276 -0.01273  0.00624
 D74 D(14,13,17,19)  3.13221  3.05734 -3.12777
 D75 D(13,14,15,16)  0.00612 -0.00390  0.01000
 D76 D(13,14,15,41) -3.14091  3.13446 -3.12660
 D77 D(28,14,15,16) -3.09093 -3.08701 -3.05243
 D78 D(28,14,15,41)  0.04522  0.05135  0.09415
 D79 D(14,15,16,17) -0.00462 -0.00406 -0.00630
 D80 D(14,15,16,29) -3.13548 -3.12878 -3.12979
 D81 D(41,15,16,17) -3.14090  3.14065  3.13045
 D82 D(41,15,16,29)  0.01142  0.01593  0.00696
 D83 D(14,15,41,42)  0.38473  0.11044 -3.03379
 D84 D(14,15,41,43) -2.75567 -3.02920  0.10418
 D85 D(16,15,41,42) -2.76334 -3.03497  0.11371
 D86 D(16,15,41,43)  0.37944  0.10857 -3.03150
 D87 D(15,16,17,13)  0.00115  0.01039  0.00008
 D88 D(15,16,17,19) -3.12830 -3.05920  3.13353
 D89 D(29,16,17,13)  3.13307  3.13691  3.12560
 D90 D(29,16,17,19)  0.00362  0.06732 -0.02413
 D91  D(13,17,19,1)  0.17374  0.38493  0.65465
 D92 D(13,17,19,18)  2.26086  2.47090  2.71392
 D93 D(13,17,19,20) -1.89423 -1.68373 -1.40089
 D94  D(16,17,19,1) -2.98207 -2.84025 -2.47784
 D95 D(16,17,19,18) -0.89495 -0.75427 -0.41856
 D96 D(16,17,19,20)  1.23315  1.37428  1.74981
 D97  D(3,30,31,33) -3.14158  3.14071  3.13482
 D98  D(3,30,31,36) -0.01748 -0.00856 -0.01623
 D99 D(32,30,31,33) -0.00099  0.00088 -0.00306
D100 D(32,30,31,36)  3.12311  3.13479  3.12908
D101  D(3,30,32,34)  3.13673 -3.14045 -3.13517
D102  D(3,30,32,37) -0.02111 -0.00827 -0.00287
D103 D(31,30,32,34) -0.00385 -0.00063  0.00269
D104 D(31,30,32,37)  3.12149  3.13154  3.13500
D105 D(30,31,33,35)  0.00427 -0.00061  0.00149
D106 D(30,31,33,38)  3.13863  3.13953  3.14011
D107 D(36,31,33,35) -3.11985 -3.13453 -3.13067
D108 D(36,31,33,38)  0.01451  0.00561  0.00795
D109 D(30,32,34,35)  0.00545  0.00011 -0.00075
D110 D(30,32,34,39)  3.13998  3.13918  3.13897
D111 D(37,32,34,35) -3.11996 -3.13214 -3.13313
D112 D(37,32,34,39)  0.01457  0.00693  0.00659
D113 D(31,33,35,34) -0.00269  0.00007  0.00052
D114 D(31,33,35,40)  3.13858 -3.14114  3.14090
D115 D(38,33,35,34) -3.13702 -3.14007 -3.13810
D116 D(38,33,35,40)  0.00426  0.00191  0.00229
D117 D(32,34,35,33) -0.00213  0.00018 -0.00088
D118 D(32,34,35,40)  3.13978  3.14138 -3.14127
D119 D(39,34,35,33) -3.13663 -3.13887 -3.14059
D120 D(39,34,35,40)  0.00528  0.00233  0.00221
D121 D(15,41,42,44) -3.13710 -3.13946  3.13587
D122 D(15,41,42,47)  0.02201  0.01125  0.00307
D123 D(43,41,42,44)  0.00333  0.00024 -0.00219
D124 D(43,41,42,47) -3.12074 -3.13224 -3.13498
D125 D(15,41,43,45) -3.14087  3.13961 -3.13546
D126 D(15,41,43,48)  0.01853  0.00734  0.01519
D127 D(42,41,43,45)  0.00188 -0.00007  0.00261
D128 D(42,41,43,48) -3.12190 -3.13235 -3.12993
D129 D(41,42,44,46) -0.00569 -0.00019  0.00054
D130 D(41,42,44,49) -3.13924 -3.13937 -3.13925
D131 D(47,42,44,46)  3.11838  3.13230  3.13339
D132 D(47,42,44,49) -0.01517 -0.00687 -0.00639
D133 D(41,43,45,46) -0.00477 -0.00015 -0.00139
D134 D(41,43,45,50) -3.13946 -3.13950 -3.14007
D135 D(48,43,45,46)  3.11909  3.13220  3.13118
D136 D(48,43,45,50) -0.01560 -0.00716 -0.00750
D137 D(42,44,46,45)  0.00278 -0.00003  0.00074
D138 D(42,44,46,51) -3.13815 -3.14116  3.14120
D139 D(49,44,46,45)  3.13629  3.13914  3.14051
D140 D(49,44,46,51) -0.00464 -0.00199 -0.00221
D141 D(43,45,46,44)  0.00242  0.00020 -0.00031
D142 D(43,45,46,51) -3.13984  3.14133 -3.14077
D143 D(50,45,46,44)  3.13707  3.13954  3.13835
D144 D(50,45,46,51) -0.00519 -0.00251 -0.00211
