optS0 = -1374.17536942
tdS0 = -1374.08066355
optS1 = -1374.08967756
optR1 = -1374.08405272

Name     Definition     optS0     optS1     optR1
  R1         R(1,2)    1.3343    1.3309    1.3285
  R2         R(1,5)    1.3898    1.4127    1.4093
  R3        R(1,19)    1.5546    1.5447    1.5465
  R4         R(2,3)    1.4172    1.4261    1.4255
  R5        R(2,21)    1.0882    1.0877    1.0873
  R6         R(3,4)    1.3957    1.4094    1.4087
  R7        R(3,30)    1.4721    1.4546    1.4569
  R8         R(4,5)    1.4148    1.4056    1.4038
  R9        R(4,22)    1.0864    1.0844    1.0844
 R10        R(5,12)    1.4056    1.4218    1.4432
 R11         R(6,7)    1.3926    1.3924    1.3895
 R12        R(6,11)    1.4032    1.4063    1.4156
 R13        R(6,23)    1.0908    1.0913    1.0871
 R14         R(7,8)    1.3954    1.3960    1.3962
 R15        R(7,24)    1.0902    1.0906    1.0905
 R16         R(8,9)    1.3955    1.3956    1.3963
 R17        R(8,25)    1.0904    1.0904    1.0901
 R18        R(9,10)    1.3926    1.3929    1.3895
 R19        R(9,26)    1.0902    1.0906    1.0905
 R20       R(10,11)    1.4031    1.4057    1.4157
 R21       R(10,27)    1.0907    1.0908    1.0871
 R22       R(11,12)    1.4778    1.4729    1.4531
 R23       R(12,13)    1.4056    1.4224    1.4433
 R24       R(13,14)    1.4148    1.4051    1.4038
 R25       R(13,17)    1.3891    1.4108    1.4094
 R26       R(14,15)    1.3956    1.4092    1.4087
 R27       R(14,28)    1.0866    1.0851    1.0844
 R28       R(15,16)    1.4174    1.4268    1.4256
 R29       R(15,41)    1.4720    1.4545    1.4569
 R30       R(16,17)    1.3344    1.3308    1.3284
 R31       R(16,29)    1.0882    1.0876    1.0873
 R32       R(17,19)    1.5534    1.5428    1.5466
 R33       R(18,19)    1.3921    1.3931    1.3878
 R34       R(19,20)    1.3957    1.4007    1.3951
 R35       R(30,31)    1.4030    1.4093    1.4083
 R36       R(30,32)    1.4030    1.4099    1.4089
 R37       R(31,33)    1.3927    1.3897    1.3900
 R38       R(31,36)    1.0912    1.0903    1.0904
 R39       R(32,34)    1.3933    1.3896    1.3901
 R40       R(32,37)    1.0913    1.0903    1.0903
 R41       R(33,35)    1.3959    1.3975    1.3973
 R42       R(33,38)    1.0906    1.0903    1.0904
 R43       R(34,35)    1.3953    1.3975    1.3971
 R44       R(34,39)    1.0906    1.0903    1.0903
 R45       R(35,40)    1.0904    1.0904    1.0903
 R46       R(41,42)    1.4029    1.4093    1.4089
 R47       R(41,43)    1.4030    1.4099    1.4083
 R48       R(42,44)    1.3929    1.3897    1.3901
 R49       R(42,47)    1.0913    1.0903    1.0903
 R50       R(43,45)    1.3932    1.3895    1.3900
 R51       R(43,48)    1.0912    1.0903    1.0904
 R52       R(44,46)    1.3958    1.3975    1.3971
 R53       R(44,49)    1.0906    1.0903    1.0903
 R54       R(45,46)    1.3954    1.3976    1.3973
 R55       R(45,50)    1.0906    1.0903    1.0904
 R56       R(46,51)    1.0904    1.0903    1.0903
  A1       A(2,1,5)  108.2734  108.7020  109.2664
  A2      A(2,1,19)  125.4621  125.0513  128.2208
  A3      A(5,1,19)  125.7365  125.4349  122.5119
  A4       A(1,2,3)  110.5178  110.0248  109.6749
  A5      A(1,2,21)  120.4751  120.3640  120.3525
  A6      A(3,2,21)  128.9813  129.5736  129.9643
  A7       A(2,3,4)  105.8092  106.0403  106.0142
  A8      A(2,3,30)  126.0106  125.6204  125.8458
  A9      A(4,3,30)  128.1757  128.3349  128.1393
 A10       A(3,4,5)  107.5221  107.6525  107.8723
 A11      A(3,4,22)  127.2251  127.1390  126.5398
 A12      A(5,4,22)  125.2499  125.2016  125.4177
 A13       A(1,5,4)  107.8708  107.5603  107.1688
 A14      A(1,5,12)  120.9230  120.5878  119.5315
 A15      A(4,5,12)  131.2042  131.8320  132.8833
 A16      A(7,6,11)  120.1233  120.7101  121.3322
 A17      A(7,6,23)  120.2522  119.9475  118.5294
 A18     A(11,6,23)  119.6053  119.3305  120.1039
 A19       A(6,7,8)  120.1535  120.2600  120.6760
 A20      A(6,7,24)  119.6462  119.6027  119.2045
 A21      A(8,7,24)  120.2002  120.1358  120.1154
 A22       A(7,8,9)  119.9686  119.5819  118.9475
 A23      A(7,8,25)  120.0199  120.2133  120.5174
 A24      A(9,8,25)  120.0115  120.2046  120.5174
 A25      A(8,9,10)  120.1691  120.3183  120.6759
 A26      A(8,9,26)  120.1932  120.1193  120.1150
 A27     A(10,9,26)  119.6373  119.5597  119.2048
 A28     A(9,10,11)  120.1091  120.6500  121.3305
 A29     A(9,10,27)  120.2125  119.7680  118.5316
 A30    A(11,10,27)  119.6543  119.5562  120.1035
 A31     A(6,11,10)  119.4705  118.4777  116.9359
 A32     A(6,11,12)  120.1097  120.2264  121.4856
 A33    A(10,11,12)  120.4192  121.2936  121.4760
 A34     A(5,12,11)  120.3271  121.5878  123.3809
 A35     A(5,12,13)  119.8008  118.2283  113.0007
 A36    A(11,12,13)  119.8690  120.0894  123.4032
 A37    A(12,13,14)  130.9125  131.0344  132.9054
 A38    A(12,13,17)  121.0619  121.1060  119.5183
 A39    A(14,13,17)  107.8813  107.6540  107.1636
 A40    A(13,14,15)  107.5088  107.6060  107.8763
 A41    A(13,14,28)  125.1609  124.8842  125.4207
 A42    A(15,14,28)  127.2781  127.4211  126.5351
 A43    A(14,15,16)  105.8247  106.0364  106.0107
 A44    A(14,15,41)  128.0719  128.3860  128.1538
 A45    A(16,15,41)  126.1026  125.5773  125.8349
 A46    A(15,16,17)  110.4838  109.9825  109.6773
 A47    A(15,16,29)  129.0096  129.5841  129.9714
 A48    A(17,16,29)  120.5039  120.4267  120.3437
 A49    A(13,17,16)  108.3002  108.7163  109.2687
 A50    A(13,17,19)  125.8257  125.3030  122.5230
 A51    A(16,17,19)  125.8702  125.8401  128.2070
 A52     A(1,19,17)  105.6102  104.6656  102.3309
 A53     A(1,19,18)  110.6511  110.8502  110.7223
 A54     A(1,19,20)  109.7711  110.1623  110.5670
 A55    A(17,19,18)  110.3343  110.8211  110.7205
 A56    A(17,19,20)  110.2248  110.4444  110.5668
 A57    A(18,19,20)  110.1611  109.8041  111.5788
 A58     A(3,30,31)  120.5912  120.5062  120.5511
 A59     A(3,30,32)  120.8281  121.1177  121.0508
 A60    A(31,30,32)  118.5807  118.3761  118.3978
 A61    A(30,31,33)  120.6882  120.7179  120.7267
 A62    A(30,31,36)  119.7081  119.7501  119.7795
 A63    A(33,31,36)  119.5963  119.5306  119.4916
 A64    A(30,32,34)  120.6778  120.7112  120.7046
 A65    A(30,32,37)  119.8880  120.0511  120.0191
 A66    A(34,32,37)  119.4278  119.2356  119.2743
 A67    A(31,33,35)  120.2749  120.2614  120.2576
 A68    A(31,33,38)  119.6133  119.6773  119.6633
 A69    A(35,33,38)  120.1106  120.0612  120.0789
 A70    A(32,34,35)  120.2725  120.2601  120.2682
 A71    A(32,34,39)  119.5970  119.6417  119.6297
 A72    A(35,34,39)  120.1292  120.0981  120.1020
 A73    A(33,35,34)  119.5051  119.6733  119.6450
 A74    A(33,35,40)  120.2470  120.1675  120.1830
 A75    A(34,35,40)  120.2479  120.1592  120.1720
 A76    A(15,41,42)  120.5257  120.5063  121.0401
 A77    A(15,41,43)  120.8735  121.0995  120.5661
 A78    A(42,41,43)  118.6008  118.3941  118.3935
 A79    A(41,42,44)  120.6813  120.7026  120.7104
 A80    A(41,42,47)  119.6586  119.7242  120.0198
 A81    A(44,42,47)  119.6526  119.5712  119.2679
 A82    A(41,43,45)  120.6626  120.7071  120.7258
 A83    A(41,43,48)  119.8776  120.0182  119.7905
 A84    A(45,43,48)  119.4520  119.2726  119.4817
 A85    A(42,44,46)  120.2615  120.2614  120.2656
 A86    A(42,44,49)  119.6282  119.6847  119.6318
 A87    A(46,44,49)  120.1088  120.0537  120.1025
 A88    A(43,45,46)  120.2710  120.2514  120.2613
 A89    A(43,45,50)  119.6050  119.6500  119.6605
 A90    A(46,45,50)  120.1228  120.0985  120.0780
 A91    A(44,46,45)  119.5218  119.6833  119.6432
 A92    A(44,46,51)  120.2405  120.1642  120.1743
 A93    A(45,46,51)  120.2377  120.1525  120.1826
  D1     D(5,1,2,3)   -0.1098   -0.7717   -0.0097
  D2    D(5,1,2,21) -178.4235 -178.7460 -179.0606
  D3    D(19,1,2,3)  171.9283  169.3547 -179.6487
  D4   D(19,1,2,21)   -6.3854   -8.6196    1.3004
  D5     D(2,1,5,4)    0.5822    1.3666   -0.3503
  D6    D(2,1,5,12) -179.8743 -177.1947 -173.8728
  D7    D(19,1,5,4) -171.4283 -168.7125  179.3133
  D8   D(19,1,5,12)    8.1152   12.7262    5.7908
  D9   D(2,1,19,17)  177.5591  167.8852  142.0856
 D10   D(2,1,19,18)   58.1604   48.3577   24.0569
 D11   D(2,1,19,20)  -63.6341  -73.3821 -100.1331
 D12   D(5,1,19,17)  -11.7663  -23.6134  -37.5102
 D13   D(5,1,19,18) -131.1649 -143.1409 -155.5389
 D14   D(5,1,19,20)  107.0405   95.1193   80.2711
 D15     D(1,2,3,4)   -0.4077   -0.1158    0.3625
 D16    D(1,2,3,30) -179.6808 -179.4042 -179.3608
 D17    D(21,2,3,4)  177.7226  177.6166  179.2939
 D18   D(21,2,3,30)   -1.5505   -1.6719   -0.4294
 D19     D(2,3,4,5)    0.7482    0.9556   -0.5701
 D20    D(2,3,4,22) -179.8471 -179.9635  174.8730
 D21    D(30,3,4,5) -179.9998 -179.7819  179.1447
 D22   D(30,3,4,22)   -0.5951   -0.7009   -5.4121
 D23   D(2,3,30,31)  158.8037  173.4402  173.3338
 D24   D(2,3,30,32)  -21.1342   -6.6614   -6.8825
 D25   D(4,3,30,31)  -20.3066   -5.6879   -6.3281
 D26   D(4,3,30,32)  159.7555  174.2104  173.4556
 D27     D(3,4,5,1)   -0.8332   -1.4208    0.5715
 D28    D(3,4,5,12)  179.6873  176.9169  172.8731
 D29    D(22,4,5,1)  179.7472  179.4758 -174.9361
 D30   D(22,4,5,12)    0.2677   -2.1865   -2.6345
 D31   D(1,5,12,11)  178.9837 -179.2838 -153.8363
 D32   D(1,5,12,13)   -0.3715    4.2486   31.3372
 D33   D(4,5,12,11)   -1.5938    2.5572   34.6226
 D34   D(4,5,12,13)  179.0510 -173.9104 -140.2039
 D35    D(11,6,7,8)   -0.7480   -0.1758    0.8312
 D36   D(11,6,7,24)  179.1415  179.3782 -179.9130
 D37    D(23,6,7,8) -179.1477 -178.9136 -177.0358
 D38   D(23,6,7,24)    0.7419    0.6404    2.2200
 D39   D(7,6,11,10)    0.4841    0.4873   -3.2150
 D40   D(7,6,11,12) -179.7891  179.9404 -179.5877
 D41  D(23,6,11,10)  178.8941  179.2329  174.6188
 D42  D(23,6,11,12)   -1.3791   -1.3140   -1.7539
 D43     D(6,7,8,9)    0.3043   -0.2006    1.6758
 D44    D(6,7,8,25) -179.6305  179.9712 -179.8428
 D45    D(24,7,8,9) -179.5847 -179.7522 -177.5732
 D46   D(24,7,8,25)    0.4806    0.4196    0.9082
 D47    D(7,8,9,10)    0.4040    0.2559   -1.6790
 D48    D(7,8,9,26) -179.3877 -179.1511  177.5599
 D49   D(25,8,9,10) -179.6612 -179.9158  179.8396
 D50   D(25,8,9,26)    0.5470    0.6772   -0.9215
 D51   D(8,9,10,11)   -0.6658    0.0646   -0.8247
 D52   D(8,9,10,27) -178.8756 -178.0814  177.0434
 D53  D(26,9,10,11)  179.1271  179.4749  179.9296
 D54  D(26,9,10,27)    0.9173    1.3289   -2.2024
 D55   D(9,10,11,6)    0.2218   -0.4317    3.2117
 D56  D(9,10,11,12) -179.5041 -179.8787  179.5848
 D57  D(27,10,11,6)  178.4417  177.7183 -174.6232
 D58 D(27,10,11,12)   -1.2842   -1.7288    1.7498
 D59   D(6,11,12,5)  128.4225  134.1595 -178.9493
 D60  D(6,11,12,13)  -52.2228  -49.4376   -4.6555
 D61  D(10,11,12,5)  -51.8533  -46.4030    4.8427
 D62 D(10,11,12,13)  127.5014  129.9999  179.1365
 D63  D(5,12,13,14)  173.6738  168.3202  140.1928
 D64  D(5,12,13,17)   -1.3957   -5.7836  -31.3842
 D65 D(11,12,13,14)   -5.6844   -8.2022  -34.6323
 D66 D(11,12,13,17)  179.2461  177.6940  153.7906
 D67 D(12,13,14,15) -175.8870 -174.1337 -172.9156
 D68 D(12,13,14,28)    1.6427    2.6552    2.6206
 D69 D(17,13,14,15)   -0.3239    0.5702   -0.5821
 D70 D(17,13,14,28)  177.2058  177.3590  174.9540
 D71 D(12,13,17,16)  176.2456  174.6119  173.9184
 D72 D(12,13,17,19)   -4.4388   -9.4967   -5.6908
 D73 D(14,13,17,16)    0.1590   -0.7237    0.3660
 D74 D(14,13,17,19)  179.4746  175.1677 -179.2432
 D75 D(13,14,15,16)    0.3534   -0.2220    0.5723
 D76 D(13,14,15,41) -179.9567  179.5888 -179.1564
 D77 D(28,14,15,16) -177.1085 -176.9051 -174.9003
 D78 D(28,14,15,41)    2.5814    2.9056    5.3710
 D79 D(14,15,16,17)   -0.2664   -0.2306   -0.3548
 D80 D(14,15,16,29) -179.6581 -179.2753 -179.3328
 D81 D(41,15,16,17) -179.9642  179.9518  179.3821
 D82 D(41,15,16,29)    0.6441    0.9070    0.4041
 D83 D(14,15,41,42)   21.9792    6.2820 -173.8698
 D84 D(14,15,41,43) -157.9535 -173.6064    5.9251
 D85 D(16,15,41,42) -158.3901 -173.9416    6.4518
 D86 D(16,15,41,43)   21.6773    6.1700 -173.7533
 D87 D(15,16,17,13)    0.0667    0.5906   -0.0048
 D88 D(15,16,17,19) -179.2485 -175.2731  179.5759
 D89 D(29,16,17,13)  179.5180  179.7368  179.0876
 D90 D(29,16,17,19)    0.2028    3.8731   -1.3317
 D91  D(13,17,19,1)    9.9332   21.9438   37.4606
 D92 D(13,17,19,18)  129.5411  141.4909  155.4906
 D93 D(13,17,19,20) -108.5715  -96.5978  -80.3208
 D94  D(16,17,19,1) -170.8687 -162.8580 -142.0700
 D95 D(16,17,19,18)  -51.2608  -43.3109  -24.0400
 D96 D(16,17,19,20)   70.6266   78.6004  100.1486
 D97  D(3,30,31,33) -179.9915  179.9520  179.6137
 D98  D(3,30,31,36)   -0.9852   -0.4756   -0.9271
 D99 D(32,30,31,33)   -0.0522    0.0509   -0.1757
D100 D(32,30,31,36)  178.9541  179.6233  179.2835
D101  D(3,30,32,34)  179.7154 -179.9369 -179.6337
D102  D(3,30,32,37)   -1.2097   -0.4645   -0.1637
D103 D(31,30,32,34)   -0.2238   -0.0365    0.1546
D104 D(31,30,32,37)  178.8511  179.4360  179.6246
D105 D(30,31,33,35)    0.2418   -0.0354    0.0855
D106 D(30,31,33,38)  179.8323  179.8860  179.9156
D107 D(36,31,33,35) -178.7656 -179.6087 -179.3753
D108 D(36,31,33,38)    0.8250    0.3127    0.4548
D109 D(30,32,34,35)    0.3118    0.0064   -0.0432
D110 D(30,32,34,39)  179.9080  179.8633  179.8498
D111 D(37,32,34,35) -178.7672 -179.4703 -179.5171
D112 D(37,32,34,39)    0.8289    0.3866    0.3759
D113 D(31,33,35,34)   -0.1548    0.0043    0.0297
D114 D(31,33,35,40)  179.8295 -179.9727  179.9604
D115 D(38,33,35,34) -179.7434 -179.9168 -179.7997
D116 D(38,33,35,40)    0.2409    0.1062    0.1311
D117 D(32,34,35,33)   -0.1201    0.0102   -0.0508
D118 D(32,34,35,40)  179.8956  179.9871 -179.9815
D119 D(39,34,35,33) -179.7140 -179.8461 -179.9433
D120 D(39,34,35,40)    0.3016    0.1309    0.1260
D121 D(15,41,42,44) -179.7439 -179.8772  179.6740
D122 D(15,41,42,47)    1.2542    0.6398    0.1717
D123 D(43,41,42,44)    0.1903    0.0143   -0.1252
D124 D(43,41,42,47) -178.8116 -179.4688 -179.6275
D125 D(15,41,43,45) -179.9588  179.8860 -179.6505
D126 D(15,41,43,48)    1.0574    0.4153    0.8631
D127 D(42,41,43,45)    0.1073   -0.0048    0.1497
D128 D(42,41,43,48) -178.8765 -179.4755 -179.3367
D129 D(41,42,44,46)   -0.3250   -0.0112    0.0306
D130 D(41,42,44,49) -179.8670 -179.8734 -179.8671
D131 D(47,42,44,46)  178.6769  179.4726  179.5367
D132 D(47,42,44,49)   -0.8650   -0.3896   -0.3611
D133 D(41,43,45,46)   -0.2718   -0.0078   -0.0797
D134 D(41,43,45,50) -179.8778 -179.8813 -179.9138
D135 D(48,43,45,46)  178.7162  179.4668  179.4082
D136 D(48,43,45,50)   -0.8898   -0.4067   -0.4258
D137 D(42,44,46,45)    0.1589   -0.0016    0.0425
D138 D(42,44,46,51) -179.8040 -179.9750  179.9778
D139 D(49,44,46,45)  179.6987  179.8601  179.9397
D140 D(49,44,46,51)   -0.2642   -0.1133   -0.1249
D141 D(43,45,46,44)    0.1375    0.0111   -0.0180
D142 D(43,45,46,51) -179.8996  179.9845 -179.9534
D143 D(50,45,46,44)  179.7415  179.8840  179.8153
D144 D(50,45,46,51)   -0.2957   -0.1426   -0.1200
