optS0 = -1374.1754753
tdS0  = -1374.08066983
optS1 = -1374.0898445
optR1 = -1374.08420143

Name     Definition  -optS0_Value  -optS1_Value  -optR1_Value
  R1         R(1,2)        1.3344        1.3310        1.3285
  R2         R(1,5)        1.3898        1.4127        1.4094
  R3        R(1,19)        1.5545        1.5447        1.5465
  R4         R(2,3)        1.4172        1.4261        1.4256
  R5        R(2,21)        1.0882        1.0877        1.0873
  R6         R(3,4)        1.3957        1.4094        1.4087
  R7        R(3,30)        1.4721        1.4546        1.4570
  R8         R(4,5)        1.4148        1.4056        1.4038
  R9        R(4,22)        1.0864        1.0844        1.0844
 R10        R(5,12)        1.4056        1.4218        1.4432
 R11         R(6,7)        1.3926        1.3924        1.3895
 R12        R(6,11)        1.4032        1.4062        1.4156
 R13        R(6,23)        1.0908        1.0913        1.0871
 R14         R(7,8)        1.3954        1.3960        1.3962
 R15        R(7,24)        1.0902        1.0906        1.0905
 R16         R(8,9)        1.3955        1.3956        1.3963
 R17        R(8,25)        1.0904        1.0904        1.0901
 R18        R(9,10)        1.3926        1.3929        1.3895
 R19        R(9,26)        1.0902        1.0906        1.0905
 R20       R(10,11)        1.4031        1.4057        1.4157
 R21       R(10,27)        1.0907        1.0908        1.0871
 R22       R(11,12)        1.4778        1.4730        1.4532
 R23       R(12,13)        1.4056        1.4224        1.4433
 R24       R(13,14)        1.4148        1.4052        1.4038
 R25       R(13,17)        1.3891        1.4109        1.4095
 R26       R(14,15)        1.3956        1.4091        1.4087
 R27       R(14,28)        1.0866        1.0851        1.0844
 R28       R(15,16)        1.4173        1.4268        1.4256
 R29       R(15,41)        1.4720        1.4545        1.4569
 R30       R(16,17)        1.3344        1.3308        1.3284
 R31       R(16,29)        1.0882        1.0876        1.0873
 R32       R(17,19)        1.5534        1.5428        1.5465
 R33       R(18,19)        1.3921        1.3932        1.3878
 R34       R(19,20)        1.3958        1.4008        1.3952
 R35       R(30,31)        1.4030        1.4093        1.4083
 R36       R(30,32)        1.4030        1.4099        1.4089
 R37       R(31,33)        1.3927        1.3897        1.3900
 R38       R(31,36)        1.0912        1.0903        1.0904
 R39       R(32,34)        1.3933        1.3896        1.3901
 R40       R(32,37)        1.0913        1.0903        1.0903
 R41       R(33,35)        1.3959        1.3975        1.3973
 R42       R(33,38)        1.0906        1.0903        1.0904
 R43       R(34,35)        1.3953        1.3975        1.3971
 R44       R(34,39)        1.0906        1.0903        1.0903
 R45       R(35,40)        1.0904        1.0904        1.0903
 R46       R(41,42)        1.4029        1.4093        1.4089
 R47       R(41,43)        1.4030        1.4099        1.4083
 R48       R(42,44)        1.3929        1.3897        1.3901
 R49       R(42,47)        1.0913        1.0903        1.0903
 R50       R(43,45)        1.3932        1.3895        1.3900
 R51       R(43,48)        1.0912        1.0904        1.0904
 R52       R(44,46)        1.3958        1.3975        1.3971
 R53       R(44,49)        1.0906        1.0903        1.0903
 R54       R(45,46)        1.3954        1.3976        1.3973
 R55       R(45,50)        1.0906        1.0903        1.0904
 R56       R(46,51)        1.0904        1.0903        1.0903
  A1       A(2,1,5)      108.2732      108.7006      109.2665
  A2      A(2,1,19)      125.4637      125.0541      128.2214
  A3      A(5,1,19)      125.7350      125.4353      122.5112
  A4       A(1,2,3)      110.5173      110.0254      109.6749
  A5      A(1,2,21)      120.4766      120.3672      120.3555
  A6      A(3,2,21)      128.9804      129.5700      129.9613
  A7       A(2,3,4)      105.8097      106.0405      106.0147
  A8      A(2,3,30)      126.0107      125.6183      125.8440
  A9      A(4,3,30)      128.1750      128.3369      128.1406
 A10       A(3,4,5)      107.5225      107.6531      107.8737
 A11      A(3,4,22)      127.2250      127.1398      126.5375
 A12      A(5,4,22)      125.2497      125.2002      125.4187
 A13       A(1,5,4)      107.8707      107.5603      107.1667
 A14      A(1,5,12)      120.9237      120.5893      119.5322
 A15      A(4,5,12)      131.2036      131.8306      132.8861
 A16      A(7,6,11)      120.1227      120.7095      121.3332
 A17      A(7,6,23)      120.2506      119.9460      118.5249
 A18     A(11,6,23)      119.6074      119.3327      120.1075
 A19       A(6,7,8)      120.1534      120.2595      120.6760
 A20      A(6,7,24)      119.6459      119.6028      119.2035
 A21      A(8,7,24)      120.2006      120.1361      120.1163
 A22       A(7,8,9)      119.9691      119.5825      118.9465
 A23      A(7,8,25)      120.0196      120.2130      120.5180
 A24      A(9,8,25)      120.0112      120.2043      120.5180
 A25      A(8,9,10)      120.1691      120.3177      120.6760
 A26      A(8,9,26)      120.1935      120.1198      120.1159
 A27     A(10,9,26)      119.6371      119.5598      119.2039
 A28     A(9,10,11)      120.1086      120.6495      121.3315
 A29     A(9,10,27)      120.2111      119.7670      118.5272
 A30    A(11,10,27)      119.6563      119.5579      120.1070
 A31     A(6,11,10)      119.4713      118.4791      116.9350
 A32     A(6,11,12)      120.1095      120.2272      121.4860
 A33    A(10,11,12)      120.4187      121.2913      121.4763
 A34     A(5,12,11)      120.3282      121.5843      123.3778
 A35     A(5,12,13)      119.7983      118.2311      113.0067
 A36    A(11,12,13)      119.8703      120.0903      123.4003
 A37    A(12,13,14)      130.9120      131.0358      132.9083
 A38    A(12,13,17)      121.0626      121.1058      119.5189
 A39    A(14,13,17)      107.8812      107.6537      107.1615
 A40    A(13,14,15)      107.5091      107.6068      107.8777
 A41    A(13,14,28)      125.1609      124.8839      125.4217
 A42    A(15,14,28)      127.2779      127.4211      126.5328
 A43    A(14,15,16)      105.8253      106.0367      106.0111
 A44    A(14,15,41)      128.0710      128.3883      128.1553
 A45    A(16,15,41)      126.1029      125.5747      125.8330
 A46    A(15,16,17)      110.4831      109.9833      109.6774
 A47    A(15,16,29)      129.0084      129.5800      129.9684
 A48    A(17,16,29)      120.5057      120.4301      120.3467
 A49    A(13,17,16)      108.3000      108.7148      109.2688
 A50    A(13,17,19)      125.8240      125.3038      122.5224
 A51    A(16,17,19)      125.8721      125.8408      128.2076
 A52     A(1,19,17)      105.6153      104.6741      102.3395
 A53     A(1,19,18)      110.6529      110.8515      110.7260
 A54     A(1,19,20)      109.7722      110.1623      110.5653
 A55    A(17,19,18)      110.3363      110.8227      110.7242
 A56    A(17,19,20)      110.2257      110.4431      110.5650
 A57    A(18,19,20)      110.1508      109.7948      111.5679
 A58     A(3,30,31)      120.5906      120.5046      120.5493
 A59     A(3,30,32)      120.8283      121.1179      121.0509
 A60    A(31,30,32)      118.5811      118.3774      118.3994
 A61    A(30,31,33)      120.6878      120.7171      120.7257
 A62    A(30,31,36)      119.7099      119.7519      119.7810
 A63    A(33,31,36)      119.5949      119.5297      119.4911
 A64    A(30,32,34)      120.6775      120.7104      120.7035
 A65    A(30,32,37)      119.8897      120.0534      120.0211
 A66    A(34,32,37)      119.4264      119.2341      119.2733
 A67    A(31,33,35)      120.2750      120.2613      120.2575
 A68    A(31,33,38)      119.6129      119.6771      119.6632
 A69    A(35,33,38)      120.1108      120.0615      120.0791
 A70    A(32,34,35)      120.2726      120.2601      120.2681
 A71    A(32,34,39)      119.5968      119.6415      119.6296
 A72    A(35,34,39)      120.1294      120.0983      120.1022
 A73    A(33,35,34)      119.5051      119.6737      119.6455
 A74    A(33,35,40)      120.2470      120.1673      120.1827
 A75    A(34,35,40)      120.2479      120.1590      120.1717
 A76    A(15,41,42)      120.5250      120.5051      121.0401
 A77    A(15,41,43)      120.8734      121.0992      120.5645
 A78    A(42,41,43)      118.6015      118.3956      118.3951
 A79    A(41,42,44)      120.6807      120.7018      120.7095
 A80    A(41,42,47)      119.6603      119.7260      120.0218
 A81    A(44,42,47)      119.6515      119.5703      119.2669
 A82    A(41,43,45)      120.6622      120.7063      120.7248
 A83    A(41,43,48)      119.8790      120.0201      119.7922
 A84    A(45,43,48)      119.4511      119.2715      119.4810
 A85    A(42,44,46)      120.2616      120.2614      120.2655
 A86    A(42,44,49)      119.6277      119.6845      119.6317
 A87    A(46,44,49)      120.1090      120.0540      120.1027
 A88    A(43,45,46)      120.2710      120.2513      120.2612
 A89    A(43,45,50)      119.6049      119.6499      119.6603
 A90    A(46,45,50)      120.1229      120.0987      120.0782
 A91    A(44,46,45)      119.5219      119.6837      119.6437
 A92    A(44,46,51)      120.2405      120.1640      120.1740
 A93    A(45,46,51)      120.2376      120.1523      120.1823
  D1     D(5,1,2,3)       -0.1097       -0.7695       -0.0076
  D2    D(5,1,2,21)     -178.4251     -178.7522     -179.0608
  D3    D(19,1,2,3)      171.9269      169.3677     -179.6595
  D4   D(19,1,2,21)       -6.3885       -8.6151        1.2873
  D5     D(2,1,5,4)        0.5820        1.3628       -0.3521
  D6    D(2,1,5,12)     -179.8773     -177.2038     -173.8858
  D7    D(19,1,5,4)     -171.4273     -168.7274      179.3236
  D8   D(19,1,5,12)        8.1133       12.7060        5.7899
  D9   D(2,1,19,17)      177.5648      167.9076      142.1112
 D10   D(2,1,19,18)       58.1598       48.3725       24.0718
 D11   D(2,1,19,20)      -63.6238      -73.3564     -100.1057
 D12   D(5,1,19,17)      -11.7620      -23.5785      -37.4991
 D13   D(5,1,19,18)     -131.1671     -143.1137     -155.5385
 D14   D(5,1,19,20)      107.0494       95.1575       80.2840
 D15     D(1,2,3,4)       -0.4076       -0.1157        0.3610
 D16    D(1,2,3,30)     -179.6797     -179.4073     -179.3651
 D17    D(21,2,3,4)      177.7246      177.6263      179.2950
 D18   D(21,2,3,30)       -1.5474       -1.6653       -0.4311
 D19     D(2,3,4,5)        0.7480        0.9531       -0.5698
 D20    D(2,3,4,22)     -179.8458     -179.9650      174.8743
 D21    D(30,3,4,5)      179.9989     -179.7810      179.1480
 D22   D(30,3,4,22)       -0.5948       -0.6991       -5.4080
 D23   D(2,3,30,31)      158.8295      173.4716      173.3379
 D24   D(2,3,30,32)      -21.1076       -6.6296       -6.8778
 D25   D(4,3,30,31)      -20.2795       -5.6604       -6.3275
 D26   D(4,3,30,32)      159.7834      174.2384      173.4569
 D27     D(3,4,5,1)       -0.8330       -1.4171        0.5723
 D28    D(3,4,5,12)      179.6908      176.9269      172.8870
 D29    D(22,4,5,1)      179.7459      179.4786     -174.9360
 D30   D(22,4,5,12)        0.2697       -2.1775       -2.6213
 D31   D(1,5,12,11)      178.9834     -179.2874     -153.8471
 D32   D(1,5,12,13)       -0.3725        4.2417       31.3259
 D33   D(4,5,12,11)       -1.5977        2.5468       34.5975
 D34   D(4,5,12,13)      179.0464     -173.9241     -140.2294
 D35    D(11,6,7,8)       -0.7487       -0.1743        0.8309
 D36   D(11,6,7,24)      179.1414      179.3810     -179.9113
 D37    D(23,6,7,8)     -179.1471     -178.9160     -177.0382
 D38   D(23,6,7,24)        0.7430        0.6393        2.2196
 D39   D(7,6,11,10)        0.4844        0.4856       -3.2135
 D40   D(7,6,11,12)     -179.7887      179.9393     -179.5811
 D41  D(23,6,11,10)      178.8931      179.2349      174.6223
 D42  D(23,6,11,12)       -1.3800       -1.3114       -1.7453
 D43     D(6,7,8,9)        0.3046       -0.2006        1.6750
 D44    D(6,7,8,25)     -179.6301      179.9709     -179.8415
 D45    D(24,7,8,9)     -179.5849     -179.7535     -177.5761
 D46   D(24,7,8,25)        0.4804        0.4180        0.9074
 D47    D(7,8,9,10)        0.4044        0.2547       -1.6782
 D48    D(7,8,9,26)     -179.3878     -179.1534      177.5628
 D49   D(25,8,9,10)     -179.6609     -179.9167      179.8383
 D50   D(25,8,9,26)        0.5469        0.6751       -0.9207
 D51   D(8,9,10,11)       -0.6664        0.0655       -0.8243
 D52   D(8,9,10,27)     -178.8749     -178.0854      177.0458
 D53  D(26,9,10,11)      179.1269      179.4770      179.9279
 D54  D(26,9,10,27)        0.9184        1.3260       -2.2020
 D55   D(9,10,11,6)        0.2222       -0.4312        3.2102
 D56  D(9,10,11,12)     -179.5039     -179.8788      179.5782
 D57  D(27,10,11,6)      178.4406      177.7236     -174.6266
 D58 D(27,10,11,12)       -1.2854       -1.7240        1.7413
 D59   D(6,11,12,5)      128.4336      134.1437     -178.9518
 D60  D(6,11,12,13)      -52.2109      -49.4500       -4.6570
 D61  D(10,11,12,5)      -51.8421      -46.4182        4.8456
 D62 D(10,11,12,13)      127.5134      129.9881      179.1404
 D63  D(5,12,13,14)      173.6751      168.3445      140.2179
 D64  D(5,12,13,17)       -1.3957       -5.7719      -31.3734
 D65 D(11,12,13,14)       -5.6838       -8.1810      -34.6077
 D66 D(11,12,13,17)      179.2454      177.7026      153.8010
 D67 D(12,13,14,15)     -175.8889     -174.1462     -172.9298
 D68 D(12,13,14,28)        1.6443        2.6511        2.6079
 D69 D(17,13,14,15)       -0.3245        0.5691       -0.5832
 D70 D(17,13,14,28)      177.2087      177.3663      174.9545
 D71 D(12,13,17,16)      176.2470      174.6235      173.9318
 D72 D(12,13,17,19)       -4.4347       -9.4866       -5.6887
 D73 D(14,13,17,16)        0.1593       -0.7223        0.3681
 D74 D(14,13,17,19)      179.4776      175.1676     -179.2525
 D75 D(13,14,15,16)        0.3541       -0.2215        0.5721
 D76 D(13,14,15,41)     -179.9556      179.5883     -179.1604
 D77 D(28,14,15,16)     -177.1114     -176.9133     -174.9022
 D78 D(28,14,15,41)        2.5790        2.8965        5.3653
 D79 D(14,15,16,17)       -0.2668       -0.2303       -0.3533
 D80 D(14,15,16,29)     -179.6602     -179.2779     -179.3348
 D81 D(41,15,16,17)     -179.9651      179.9531      179.3872
 D82 D(41,15,16,29)        0.6415        0.9054        0.4057
 D83 D(14,15,41,42)       21.9620        6.2705     -173.8791
 D84 D(14,15,41,43)     -157.9708     -173.6180        5.9162
 D85 D(16,15,41,42)     -158.4067     -173.9543        6.4381
 D86 D(16,15,41,43)       21.6604        6.1573     -173.7665
 D87 D(15,16,17,13)        0.0668        0.5895       -0.0071
 D88 D(15,16,17,19)     -179.2512     -175.2727      179.5857
 D89 D(29,16,17,13)      179.5196      179.7383      179.0884
 D90 D(29,16,17,19)        0.2017        3.8761       -1.3188
 D91  D(13,17,19,1)        9.9279       21.9143       37.4490
 D92 D(13,17,19,18)      129.5420      141.4688      155.4896
 D93 D(13,17,19,20)     -108.5816      -96.6315      -80.3344
 D94  D(16,17,19,1)     -170.8708     -162.8893     -142.0952
 D95 D(16,17,19,18)      -51.2567      -43.3348      -24.0545
 D96 D(16,17,19,20)       70.6197       78.5649      100.1214
 D97  D(3,30,31,33)     -179.9895      179.9526      179.6141
 D98  D(3,30,31,36)       -0.9811       -0.4720       -0.9262
 D99 D(32,30,31,33)       -0.0510        0.0511       -0.1759
D100 D(32,30,31,36)      178.9574      179.6265      179.2838
D101  D(3,30,32,34)      179.7138     -179.9374     -179.6341
D102  D(3,30,32,37)       -1.2098       -0.4620       -0.1634
D103 D(31,30,32,34)       -0.2245       -0.0365        0.1547
D104 D(31,30,32,37)      178.8519      179.4389      179.6254
D105 D(30,31,33,35)        0.2411       -0.0356        0.0856
D106 D(30,31,33,38)      179.8329      179.8869      179.9157
D107 D(36,31,33,35)     -178.7685     -179.6119     -179.3757
D108 D(36,31,33,38)        0.8233        0.3106        0.4545
D109 D(30,32,34,35)        0.3118        0.0064       -0.0432
D110 D(30,32,34,39)      179.9081      179.8637      179.8500
D111 D(37,32,34,35)     -178.7689     -179.4732     -179.5178
D112 D(37,32,34,39)        0.8274        0.3841        0.3754
D113 D(31,33,35,34)       -0.1550        0.0044        0.0297
D114 D(31,33,35,40)      179.8299     -179.9724      179.9605
D115 D(38,33,35,34)     -179.7448     -179.9178     -179.7997
D116 D(38,33,35,40)        0.2402        0.1054        0.1310
D117 D(32,34,35,33)       -0.1195        0.0101       -0.0508
D118 D(32,34,35,40)      179.8955      179.9869     -179.9816
D119 D(39,34,35,33)     -179.7137     -179.8465     -179.9435
D120 D(39,34,35,40)        0.3013        0.1303        0.1258
D121 D(15,41,42,44)     -179.7442     -179.8770      179.6745
D122 D(15,41,42,47)        1.2524        0.6387        0.1708
D123 D(43,41,42,44)        0.1901        0.0144       -0.1252
D124 D(43,41,42,47)     -178.8133     -179.4699     -179.6289
D125 D(15,41,43,45)     -179.9588      179.8857     -179.6510
D126 D(15,41,43,48)        1.0564        0.4139        0.8615
D127 D(42,41,43,45)        0.1071       -0.0050        0.1497
D128 D(42,41,43,48)     -178.8777     -179.4768     -179.3378
D129 D(41,42,44,46)       -0.3248       -0.0113        0.0306
D130 D(41,42,44,49)     -179.8674     -179.8737     -179.8674
D131 D(47,42,44,46)      178.6787      179.4739      179.5381
D132 D(47,42,44,49)       -0.8640       -0.3885       -0.3600
D133 D(41,43,45,46)       -0.2715       -0.0077       -0.0797
D134 D(41,43,45,50)     -179.8779     -179.8816     -179.9140
D135 D(48,43,45,46)      178.7176      179.4681      179.4094
D136 D(48,43,45,50)       -0.8887       -0.4058       -0.4249
D137 D(42,44,46,45)        0.1589       -0.0016        0.0425
D138 D(42,44,46,51)     -179.8043     -179.9750      179.9779
D139 D(49,44,46,45)      179.6993      179.8603      179.9400
D140 D(49,44,46,51)       -0.2638       -0.1131       -0.1246
D141 D(43,45,46,44)        0.1373        0.0110       -0.0181
D142 D(43,45,46,51)     -179.8995      179.9844     -179.9535
D143 D(50,45,46,44)      179.7416      179.8844      179.8155
D144 D(50,45,46,51)       -0.2953       -0.1422       -0.1199
