optS0 = -1374.17536942
tdS0 = -1374.08066355
optS1 = -1374.08967756
optR1 = -1374.08405272

Name     Definition    optS0    optS1    optR1
  R1         R(1,2)  2.52154  2.51513  2.51050
  R2         R(1,5)  2.62626  2.66967  2.66328
  R3        R(1,19)  2.93780  2.91914  2.92253
  R4         R(2,3)  2.67821  2.69493  2.69389
  R5        R(2,21)  2.05643  2.05539  2.05466
  R6         R(3,4)  2.63752  2.66342  2.66207
  R7        R(3,30)  2.78186  2.74876  2.75323
  R8         R(4,5)  2.67355  2.65612  2.65276
  R9        R(4,22)  2.05302  2.04927  2.04929
 R10        R(5,12)  2.65613  2.68685  2.72730
 R11         R(6,7)  2.63168  2.63127  2.62574
 R12        R(6,11)  2.65169  2.65744  2.67516
 R13        R(6,23)  2.06131  2.06227  2.05433
 R14         R(7,8)  2.63696  2.63799  2.63851
 R15        R(7,24)  2.06012  2.06096  2.06078
 R16         R(8,9)  2.63716  2.63727  2.63860
 R17        R(8,25)  2.06061  2.06056  2.05993
 R18        R(9,10)  2.63169  2.63223  2.62572
 R19        R(9,26)  2.06010  2.06093  2.06078
 R20       R(10,11)  2.65140  2.65642  2.67523
 R21       R(10,27)  2.06120  2.06127  2.05441
 R22       R(11,12)  2.79262  2.78341  2.74590
 R23       R(12,13)  2.65613  2.68797  2.72742
 R24       R(13,14)  2.67364  2.65534  2.65278
 R25       R(13,17)  2.62506  2.66612  2.66344
 R26       R(14,15)  2.63723  2.66293  2.66213
 R27       R(14,28)  2.05337  2.05055  2.04921
 R28       R(15,16)  2.67842  2.69619  2.69396
 R29       R(15,41)  2.78167  2.74864  2.75319
 R30       R(16,17)  2.52164  2.51483  2.51038
 R31       R(16,29)  2.05636  2.05524  2.05467
 R32       R(17,19)  2.93556  2.91554  2.92261
 R33       R(18,19)  2.63067  2.63261  2.62258
 R34       R(19,20)  2.63748  2.64696  2.63628
 R35       R(30,31)  2.65123  2.66325  2.66127
 R36       R(30,32)  2.65132  2.66429  2.66235
 R37       R(31,33)  2.63190  2.62615  2.62678
 R38       R(31,36)  2.06204  2.06029  2.06049
 R39       R(32,34)  2.63290  2.62595  2.62692
 R40       R(32,37)  2.06217  2.06040  2.06046
 R41       R(33,35)  2.63786  2.64093  2.64051
 R42       R(33,38)  2.06102  2.06045  2.06050
 R43       R(34,35)  2.63677  2.64089  2.64005
 R44       R(34,39)  2.06102  2.06030  2.06041
 R45       R(35,40)  2.06060  2.06047  2.06046
 R46       R(41,42)  2.65116  2.66320  2.66236
 R47       R(41,43)  2.65135  2.66429  2.66136
 R48       R(42,44)  2.63212  2.62619  2.62690
 R49       R(42,47)  2.06218  2.06043  2.06046
 R50       R(43,45)  2.63283  2.62580  2.62678
 R51       R(43,48)  2.06216  2.06046  2.06048
 R52       R(44,46)  2.63772  2.64091  2.64013
 R53       R(44,49)  2.06100  2.06046  2.06040
 R54       R(45,46)  2.63686  2.64101  2.64050
 R55       R(45,50)  2.06098  2.06029  2.06053
 R56       R(46,51)  2.06060  2.06045  2.06046
  A1       A(2,1,5)  1.88973  1.89721  1.90706
  A2      A(2,1,19)  2.18973  2.18256  2.23787
  A3      A(5,1,19)  2.19452  2.18925  2.13824
  A4       A(1,2,3)  1.92890  1.92029  1.91419
  A5      A(1,2,21)  2.10269  2.10075  2.10055
  A6      A(3,2,21)  2.25115  2.26149  2.26831
  A7       A(2,3,4)  1.84672  1.85075  1.85030
  A8      A(2,3,30)  2.19930  2.19249  2.19642
  A9      A(4,3,30)  2.23709  2.23987  2.23645
 A10       A(3,4,5)  1.87662  1.87889  1.88273
 A11      A(3,4,22)  2.22050  2.21899  2.20854
 A12      A(5,4,22)  2.18602  2.18518  2.18895
 A13       A(1,5,4)  1.88270  1.87728  1.87045
 A14      A(1,5,12)  2.11050  2.10465  2.08622
 A15      A(4,5,12)  2.28995  2.30090  2.31925
 A16      A(7,6,11)  2.09655  2.10679  2.11765
 A17      A(7,6,23)  2.09880  2.09348  2.06873
 A18     A(11,6,23)  2.08751  2.08271  2.09621
 A19       A(6,7,8)  2.09707  2.09893  2.10619
 A20      A(6,7,24)  2.08822  2.08746  2.08051
 A21      A(8,7,24)  2.09789  2.09677  2.09641
 A22       A(7,8,9)  2.09385  2.08710  2.07603
 A23      A(7,8,25)  2.09474  2.09812  2.10343
 A24      A(9,8,25)  2.09460  2.09797  2.10343
 A25      A(8,9,10)  2.09735  2.09995  2.10619
 A26      A(8,9,26)  2.09777  2.09648  2.09640
 A27     A(10,9,26)  2.08807  2.08671  2.08052
 A28     A(9,10,11)  2.09630  2.10574  2.11762
 A29     A(9,10,27)  2.09810  2.09035  2.06877
 A30    A(11,10,27)  2.08836  2.08665  2.09620
 A31     A(6,11,10)  2.08515  2.06783  2.04092
 A32     A(6,11,12)  2.09631  2.09835  2.12032
 A33    A(10,11,12)  2.10171  2.11697  2.12016
 A34     A(5,12,11)  2.10010  2.12211  2.15340
 A35     A(5,12,13)  2.09092  2.06347  1.97223
 A36    A(11,12,13)  2.09211  2.09596  2.15379
 A37    A(12,13,14)  2.28486  2.28698  2.31964
 A38    A(12,13,17)  2.11293  2.11370  2.08599
 A39    A(14,13,17)  1.88288  1.87892  1.87036
 A40    A(13,14,15)  1.87638  1.87808  1.88280
 A41    A(13,14,28)  2.18447  2.17964  2.18900
 A42    A(15,14,28)  2.22142  2.22392  2.20845
 A43    A(14,15,16)  1.84699  1.85068  1.85024
 A44    A(14,15,41)  2.23528  2.24076  2.23671
 A45    A(16,15,41)  2.20091  2.19174  2.19623
 A46    A(15,16,17)  1.92831  1.91956  1.91423
 A47    A(15,16,29)  2.25164  2.26167  2.26843
 A48    A(17,16,29)  2.10319  2.10184  2.10039
 A49    A(13,17,16)  1.89019  1.89746  1.90710
 A50    A(13,17,19)  2.19607  2.18695  2.13843
 A51    A(16,17,19)  2.19685  2.19633  2.23763
 A52     A(1,19,17)  1.84324  1.82676  1.78601
 A53     A(1,19,18)  1.93123  1.93470  1.93247
 A54     A(1,19,20)  1.91587  1.92269  1.92976
 A55    A(17,19,18)  1.92570  1.93419  1.93244
 A56    A(17,19,20)  1.92379  1.92762  1.92975
 A57    A(18,19,20)  1.92267  1.91645  1.94742
 A58     A(3,30,31)  2.10471  2.10323  2.10401
 A59     A(3,30,32)  2.10885  2.11390  2.11274
 A60    A(31,30,32)  2.06962  2.06605  2.06643
 A61    A(30,31,33)  2.10641  2.10692  2.10708
 A62    A(30,31,36)  2.08930  2.09003  2.09055
 A63    A(33,31,36)  2.08735  2.08620  2.08552
 A64    A(30,32,34)  2.10622  2.10681  2.10669
 A65    A(30,32,37)  2.09244  2.09529  2.09473
 A66    A(34,32,37)  2.08441  2.08105  2.08173
 A67    A(31,33,35)  2.09919  2.09896  2.09889
 A68    A(31,33,38)  2.08765  2.08876  2.08852
 A69    A(35,33,38)  2.09632  2.09546  2.09577
 A70    A(32,34,35)  2.09915  2.09893  2.09908
 A71    A(32,34,39)  2.08736  2.08814  2.08793
 A72    A(35,34,39)  2.09665  2.09611  2.09618
 A73    A(33,35,34)  2.08576  2.08869  2.08820
 A74    A(33,35,40)  2.09871  2.09732  2.09759
 A75    A(34,35,40)  2.09872  2.09717  2.09740
 A76    A(15,41,42)  2.10357  2.10323  2.11255
 A77    A(15,41,43)  2.10964  2.11359  2.10428
 A78    A(42,41,43)  2.06997  2.06637  2.06636
 A79    A(41,42,44)  2.10629  2.10666  2.10679
 A80    A(41,42,47)  2.08844  2.08958  2.09474
 A81    A(44,42,47)  2.08833  2.08691  2.08162
 A82    A(41,43,45)  2.10596  2.10674  2.10706
 A83    A(41,43,48)  2.09226  2.09471  2.09074
 A84    A(45,43,48)  2.08483  2.08170  2.08535
 A85    A(42,44,46)  2.09896  2.09896  2.09903
 A86    A(42,44,49)  2.08791  2.08889  2.08797
 A87    A(46,44,49)  2.09629  2.09533  2.09618
 A88    A(43,45,46)  2.09913  2.09878  2.09896
 A89    A(43,45,50)  2.08750  2.08829  2.08847
 A90    A(46,45,50)  2.09654  2.09611  2.09576
 A91    A(44,46,45)  2.08605  2.08887  2.08817
 A92    A(44,46,51)  2.09859  2.09726  2.09744
 A93    A(45,46,51)  2.09854  2.09706  2.09758
  D1     D(5,1,2,3) -0.00192 -0.01347 -0.00017
  D2    D(5,1,2,21) -3.11408 -3.11971 -3.12520
  D3    D(19,1,2,3)  3.00071  2.95579 -3.13546
  D4   D(19,1,2,21) -0.11145 -0.15044  0.02270
  D5     D(2,1,5,4)  0.01016  0.02385 -0.00611
  D6    D(2,1,5,12) -3.13940 -3.09263 -3.03465
  D7    D(19,1,5,4) -2.99198 -2.94459  3.12961
  D8   D(19,1,5,12)  0.14164  0.22211  0.10107
  D9   D(2,1,19,17)  3.09898  2.93015  2.47986
 D10   D(2,1,19,18)  1.01509  0.84400  0.41987
 D11   D(2,1,19,20) -1.11063 -1.28076 -1.74765
 D12   D(5,1,19,17) -0.20537 -0.41214 -0.65468
 D13   D(5,1,19,18) -2.28927 -2.49829 -2.71467
 D14   D(5,1,19,20)  1.86820  1.66014  1.40100
 D15     D(1,2,3,4) -0.00712 -0.00202  0.00633
 D16    D(1,2,3,30) -3.13602 -3.13119 -3.13044
 D17    D(21,2,3,4)  3.10184  3.10000  3.12927
 D18   D(21,2,3,30) -0.02706 -0.02918 -0.00749
 D19     D(2,3,4,5)  0.01306  0.01667 -0.00995
 D20    D(2,3,4,22) -3.13893 -3.14096  3.05211
 D21    D(30,3,4,5) -3.14159 -3.13779  3.12667
 D22   D(30,3,4,22) -0.01039 -0.01223 -0.09446
 D23   D(2,3,30,31)  2.77165  3.02710  3.02525
 D24   D(2,3,30,32) -0.36886 -0.11627 -0.12011
 D25   D(4,3,30,31) -0.35442 -0.09928 -0.11044
 D26   D(4,3,30,32)  2.78826  3.04054  3.02738
 D27     D(3,4,5,1) -0.01454 -0.02480  0.00997
 D28    D(3,4,5,12)  3.13613  3.08778  3.01721
 D29    D(22,4,5,1)  3.13718  3.13244 -3.05321
 D30   D(22,4,5,12)  0.00467 -0.03816 -0.04598
 D31   D(1,5,12,11)  3.12386 -3.12909 -2.68495
 D32   D(1,5,12,13) -0.00648  0.07415  0.54694
 D33   D(4,5,12,11) -0.02781  0.04463  0.60428
 D34   D(4,5,12,13)  3.12503 -3.03531 -2.44702
 D35    D(11,6,7,8) -0.01306 -0.00307  0.01451
 D36   D(11,6,7,24)  3.12661  3.13074 -3.14007
 D37    D(23,6,7,8) -3.12672 -3.12263 -3.08986
 D38   D(23,6,7,24)  0.01295  0.01118  0.03875
 D39   D(7,6,11,10)  0.00845  0.00851 -0.05611
 D40   D(7,6,11,12) -3.13791  3.14055 -3.13440
 D41  D(23,6,11,10)  3.12229  3.12821  3.04767
 D42  D(23,6,11,12) -0.02407 -0.02293 -0.03061
 D43     D(6,7,8,9)  0.00531 -0.00350  0.02925
 D44    D(6,7,8,25) -3.13514  3.14109 -3.13885
 D45    D(24,7,8,9) -3.13434 -3.13727 -3.09924
 D46   D(24,7,8,25)  0.00839  0.00732  0.01585
 D47    D(7,8,9,10)  0.00705  0.00447 -0.02930
 D48    D(7,8,9,26) -3.13091 -3.12678  3.09900
 D49   D(25,8,9,10) -3.13568 -3.14012  3.13879
 D50   D(25,8,9,26)  0.00955  0.01182 -0.01608
 D51   D(8,9,10,11) -0.01162  0.00113 -0.01439
 D52   D(8,9,10,27) -3.12197 -3.10811  3.08999
 D53  D(26,9,10,11)  3.12636  3.13243  3.14036
 D54  D(26,9,10,27)  0.01601  0.02319 -0.03844
 D55   D(9,10,11,6)  0.00387 -0.00754  0.05605
 D56  D(9,10,11,12) -3.13294 -3.13948  3.13435
 D57  D(27,10,11,6)  3.11439  3.10177 -3.04775
 D58 D(27,10,11,12) -0.02242 -0.03017  0.03054
 D59   D(6,11,12,5)  2.24140  2.34153 -3.12325
 D60  D(6,11,12,13) -0.91146 -0.86285 -0.08125
 D61  D(10,11,12,5) -0.90501 -0.80988  0.08452
 D62 D(10,11,12,13)  2.22532  2.26893  3.12652
 D63  D(5,12,13,14)  3.03117  2.93774  2.44683
 D64  D(5,12,13,17) -0.02436 -0.10094 -0.54776
 D65 D(11,12,13,14) -0.09922 -0.14316 -0.60445
 D66 D(11,12,13,17)  3.12843  3.10135  2.68415
 D67 D(12,13,14,15) -3.06981 -3.03921 -3.01795
 D68 D(12,13,14,28)  0.02867  0.04634  0.04574
 D69 D(17,13,14,15) -0.00565  0.00995 -0.01016
 D70 D(17,13,14,28)  3.09283  3.09550  3.05352
 D71 D(12,13,17,16)  3.07607  3.04755  3.03545
 D72 D(12,13,17,19) -0.07747 -0.16575 -0.09932
 D73 D(14,13,17,16)  0.00278 -0.01263  0.00639
 D74 D(14,13,17,19)  3.13242  3.05725 -3.12838
 D75 D(13,14,15,16)  0.00617 -0.00388  0.00999
 D76 D(13,14,15,41) -3.14084  3.13442 -3.12687
 D77 D(28,14,15,16) -3.09113 -3.08758 -3.05258
 D78 D(28,14,15,41)  0.04505  0.05071  0.09374
 D79 D(14,15,16,17) -0.00465 -0.00402 -0.00619
 D80 D(14,15,16,29) -3.13563 -3.12895 -3.12995
 D81 D(41,15,16,17) -3.14097  3.14075  3.13081
 D82 D(41,15,16,29)  0.01124  0.01583  0.00705
 D83 D(14,15,41,42)  0.38358  0.10965 -3.03460
 D84 D(14,15,41,43) -2.75683 -3.03000  0.10341
 D85 D(16,15,41,42) -2.76446 -3.03585  0.11261
 D86 D(16,15,41,43)  0.37831  0.10769 -3.03257
 D87 D(15,16,17,13)  0.00116  0.01031 -0.00008
 D88 D(15,16,17,19) -3.12848 -3.05909  3.13419
 D89 D(29,16,17,13)  3.13318  3.13700  3.12567
 D90 D(29,16,17,19)  0.00354  0.06761 -0.02324
 D91  D(13,17,19,1)  0.17337  0.38300  0.65381
 D92 D(13,17,19,18)  2.26093  2.46949  2.71382
 D93 D(13,17,19,20) -1.89492 -1.68594 -1.40186
 D94  D(16,17,19,1) -2.98222 -2.84241 -2.47959
 D95 D(16,17,19,18) -0.89466 -0.75592 -0.41958
 D96 D(16,17,19,20)  1.23267  1.37184  1.74792
 D97  D(3,30,31,33) -3.14144  3.14076  3.13485
 D98  D(3,30,31,36) -0.01720 -0.00830 -0.01618
 D99 D(32,30,31,33) -0.00091  0.00089 -0.00307
D100 D(32,30,31,36)  3.12334  3.13502  3.12909
D101  D(3,30,32,34)  3.13663 -3.14049 -3.13520
D102  D(3,30,32,37) -0.02111 -0.00811 -0.00286
D103 D(31,30,32,34) -0.00391 -0.00064  0.00270
D104 D(31,30,32,37)  3.12154  3.13175  3.13504
D105 D(30,31,33,35)  0.00422 -0.00062  0.00149
D106 D(30,31,33,38)  3.13867  3.13960  3.14012
D107 D(36,31,33,35) -3.12005 -3.13476 -3.13069
D108 D(36,31,33,38)  0.01440  0.00546  0.00794
D109 D(30,32,34,35)  0.00544  0.00011 -0.00075
D110 D(30,32,34,39)  3.13999  3.13921  3.13897
D111 D(37,32,34,35) -3.12008 -3.13235 -3.13317
D112 D(37,32,34,39)  0.01447  0.00675  0.00656
D113 D(31,33,35,34) -0.00270  0.00007  0.00052
D114 D(31,33,35,40)  3.13862 -3.14112  3.14090
D115 D(38,33,35,34) -3.13711 -3.14014 -3.13810
D116 D(38,33,35,40)  0.00421  0.00185  0.00229
D117 D(32,34,35,33) -0.00210  0.00018 -0.00089
D118 D(32,34,35,40)  3.13977  3.14137 -3.14127
D119 D(39,34,35,33) -3.13660 -3.13891 -3.14060
D120 D(39,34,35,40)  0.00526  0.00228  0.00220
D121 D(15,41,42,44) -3.13712 -3.13945  3.13590
D122 D(15,41,42,47)  0.02189  0.01117  0.00300
D123 D(43,41,42,44)  0.00332  0.00025 -0.00218
D124 D(43,41,42,47) -3.12085 -3.13232 -3.13509
D125 D(15,41,43,45) -3.14087  3.13960 -3.13549
D126 D(15,41,43,48)  0.01845  0.00725  0.01506
D127 D(42,41,43,45)  0.00187 -0.00008  0.00261
D128 D(42,41,43,48) -3.12198 -3.13244 -3.13002
D129 D(41,42,44,46) -0.00567 -0.00019  0.00053
D130 D(41,42,44,49) -3.13927 -3.13938 -3.13927
D131 D(47,42,44,46)  3.11850  3.13239  3.13351
D132 D(47,42,44,49) -0.01510 -0.00680 -0.00630
D133 D(41,43,45,46) -0.00474 -0.00014 -0.00139
D134 D(41,43,45,50) -3.13946 -3.13952 -3.14009
D135 D(48,43,45,46)  3.11919  3.13229  3.13126
D136 D(48,43,45,50) -0.01553 -0.00710 -0.00743
D137 D(42,44,46,45)  0.00277 -0.00003  0.00074
D138 D(42,44,46,51) -3.13817 -3.14116  3.14121
D139 D(49,44,46,45)  3.13633  3.13915  3.14054
D140 D(49,44,46,51) -0.00461 -0.00198 -0.00218
D141 D(43,45,46,44)  0.00240  0.00019 -0.00031
D142 D(43,45,46,51) -3.13984  3.14132 -3.14078
D143 D(50,45,46,44)  3.13708  3.13957  3.13837
D144 D(50,45,46,51) -0.00516 -0.00249 -0.00209
