From fa scan:
Fixed   = D(6,11,12,13), S, 55, 1.0000
Opposit = D(10,11,12,5)

          S0           S1  D_fixed  D_average
-1374.171810 -1374.089678 -49.4377  -47.92035
-1374.171768 -1374.089672 -48.4377  -47.25355
-1374.171709 -1374.089655 -47.4378  -46.59130
-1374.171634 -1374.089627 -46.4377  -45.92250
-1374.171546 -1374.089586 -45.4378  -45.27660
-1374.171441 -1374.089533 -44.4378  -44.63170
-1374.171321 -1374.089468 -43.4378  -43.99435
-1374.171185 -1374.089389 -42.4378  -43.36285
-1374.171032 -1374.089298 -41.4378  -42.73325
-1374.170862 -1374.089194 -40.4378  -42.10740
-1374.170675 -1374.089077 -39.4378  -41.48495
-1374.170471 -1374.088947 -38.4378  -40.86455
-1374.170250 -1374.088803 -37.4378  -40.24585
-1374.170011 -1374.088645 -36.4378  -39.63020
-1374.169754 -1374.088474 -35.4378  -39.01830
-1374.169479 -1374.088290 -34.4378  -38.40840
-1374.169186 -1374.088091 -33.4378  -37.80110
-1374.168875 -1374.087879 -32.4378  -37.19770
-1374.168546 -1374.087653 -31.4378  -36.59795
-1374.168198 -1374.087412 -30.4378  -36.00080
-1374.167832 -1374.087157 -29.4378  -35.40515
-1374.167447 -1374.086887 -28.4378  -34.81190
-1374.167043 -1374.086602 -27.4378  -34.22150
-1374.166621 -1374.086303 -26.4378  -33.63150
-1374.166181 -1374.085988 -25.4378  -33.04025
-1374.165722 -1374.085659 -24.4378  -32.44895
-1374.165245 -1374.085315 -23.4378  -31.85770
-1374.164748 -1374.084956 -22.4378  -31.26265
-1374.164232 -1374.084582 -21.4378  -30.66025
-1374.163695 -1374.084194 -20.4378  -30.05275
-1374.163138 -1374.083791 -19.4378  -29.44235
-1374.162561 -1374.083374 -18.4378  -28.82470
-1374.161961 -1374.082943 -17.4378  -28.19460
-1374.161336 -1374.082497 -16.4377  -27.55475
-1374.160665 -1374.082039 -15.4379  -26.87355
-1374.159983 -1374.081566 -14.4377  -26.20820
-1374.159235 -1374.081081 -13.4379  -25.46160
-1374.149833 -1374.083926 -12.4376   -6.69865
-1374.149774 -1374.083960 -11.4377   -5.77830
-1374.149737 -1374.083990 -10.4377   -4.87535
-1374.149713 -1374.084017  -9.4377   -3.99840
-1374.149697 -1374.084038  -8.4376   -3.12475
-1374.149692 -1374.084055  -7.4377   -2.26270
-1374.149698 -1374.084066  -6.4377   -1.40700
-1374.149705 -1374.084073  -5.4378   -0.55775
-1374.149727 -1374.084076  -4.4378    0.28145
-1374.149754 -1374.084073  -3.4378    1.11370
-1374.149788 -1374.084065  -2.4378    1.94410
-1374.149830 -1374.084052  -1.4378    2.76620
-1374.149880 -1374.084035  -0.4378    3.58175
-1374.149935 -1374.084012   0.5622    4.40715
-1374.149998 -1374.083985   1.5622    5.24890
-1374.150069 -1374.083955   2.5622    6.10745
-1374.150150 -1374.083921   3.5622    6.97405
-1374.150239 -1374.083884   4.5622    7.84225
-1374.150336 -1374.083845   5.5622    8.71345

From fb scan:
Fixed   = D(6,11,12,13), S, 55, -1.000
Opposit = D(10,11,12,5)

          S0           S1  D_fixed  D_average
-1374.171504 -1374.089189 -59.6554  -55.39405
-1374.171582 -1374.089273 -58.6554  -54.60310
-1374.171650 -1374.089352 -57.6554  -53.82165
-1374.171712 -1374.089423 -56.6554  -53.06010
-1374.171767 -1374.089487 -55.6554  -52.32485
-1374.171811 -1374.089542 -54.6554  -51.61225
-1374.171845 -1374.089588 -53.6554  -50.91490
-1374.171865 -1374.089623 -52.6554  -50.22545
-1374.171871 -1374.089649 -51.6554  -49.53595
-1374.171861 -1374.089665 -50.6554  -48.84445
-1374.171836 -1374.089670 -49.6554  -48.15485
-1374.171797 -1374.089666 -48.6554  -47.47125
-1374.171742 -1374.089651 -47.6554  -46.79290
-1374.171672 -1374.089624 -46.6554  -46.11700
-1374.171586 -1374.089587 -45.6554  -45.44210
-1374.171484 -1374.089539 -44.6554  -44.77140
-1374.171368 -1374.089479 -43.6554  -44.11185
-1374.171238 -1374.089407 -42.6554  -43.46710
-1374.171093 -1374.089322 -41.6554  -42.83540
-1374.170933 -1374.089224 -40.6554  -42.21475
-1374.170757 -1374.089113 -39.6554  -41.60335
-1374.170565 -1374.088988 -38.6554  -40.99840
-1374.170354 -1374.088849 -37.6554  -40.39620
-1374.170126 -1374.088696 -36.6553  -39.79480
-1374.169878 -1374.088529 -35.6553  -39.19435
-1374.169613 -1374.088348 -34.6553  -38.59410
-1374.169330 -1374.088153 -33.6553  -37.99550
-1374.169028 -1374.087943 -32.6553  -37.40065
-1374.168708 -1374.087720 -31.6553  -36.80970
-1374.168369 -1374.087482 -30.6553  -36.22100
-1374.168012 -1374.087229 -29.6553  -35.63380
-1374.167635 -1374.086961 -28.6553  -35.04620
-1374.167239 -1374.086678 -27.6553  -34.45640
-1374.166827 -1374.086381 -26.6554  -33.87425
-1374.166394 -1374.086069 -25.6554  -33.28580
-1374.165942 -1374.085742 -24.6553  -32.70130
-1374.165470 -1374.085400 -23.6556  -32.11320
-1374.164979 -1374.085044 -22.6556  -31.52430
-1374.152238 -1374.083491 -21.6555  -17.40950
-1374.151516 -1374.083515 -20.6555  -15.74110
-1374.150983 -1374.083552 -19.6555  -14.26220
-1374.150595 -1374.083598 -18.6554  -12.93950
-1374.150350 -1374.083647 -17.6554  -11.78065
-1374.150145 -1374.083697 -16.6554  -10.65685
-1374.149981 -1374.083748 -15.6554   -9.57505
-1374.149877 -1374.083798 -14.6554   -8.58750
-1374.149794 -1374.083845 -13.6554   -7.63710
-1374.149737 -1374.083889 -12.6554   -6.73095
-1374.149710 -1374.083927 -11.6554   -5.84560
-1374.149681 -1374.083961 -10.6554   -4.97165
-1374.149670 -1374.083989  -9.6554   -4.11490
-1374.149668 -1374.084013  -8.6554   -3.27350
-1374.149677 -1374.084030  -7.6554   -2.43500
-1374.149685 -1374.084043  -6.6554   -1.59450
-1374.149704 -1374.084050  -5.6554   -0.75005
-1374.149724 -1374.084053  -4.6555    0.09360