optS0 = -1374.17529664
tdS0 = -1374.07982076
optS1 = -1374.08956293
optR1 = -1374.08395063

Name     Definition    optS0    optS1    optR1
  R1         R(1,2)  2.52150  2.51511  2.51049
  R2         R(1,5)  2.62625  2.66967  2.66325
  R3        R(1,19)  2.93789  2.91919  2.92261
  R4         R(2,3)  2.67824  2.69488  2.69384
  R5        R(2,21)  2.05643  2.05538  2.05465
  R6         R(3,4)  2.63749  2.66348  2.66214
  R7        R(3,30)  2.78184  2.74874  2.75321
  R8         R(4,5)  2.67357  2.65606  2.65269
  R9        R(4,22)  2.05302  2.04927  2.04929
 R10        R(5,12)  2.65610  2.68687  2.72734
 R11         R(6,7)  2.63168  2.63125  2.62571
 R12        R(6,11)  2.65167  2.65745  2.67518
 R13        R(6,23)  2.06132  2.06226  2.05433
 R14         R(7,8)  2.63696  2.63799  2.63852
 R15        R(7,24)  2.06013  2.06096  2.06078
 R16         R(8,9)  2.63715  2.63727  2.63861
 R17        R(8,25)  2.06061  2.06056  2.05993
 R18        R(9,10)  2.63169  2.63222  2.62570
 R19        R(9,26)  2.06010  2.06093  2.06078
 R20       R(10,11)  2.65139  2.65643  2.67526
 R21       R(10,27)  2.06120  2.06127  2.05441
 R22       R(11,12)  2.79265  2.78336  2.74576
 R23       R(12,13)  2.65611  2.68800  2.72746
 R24       R(13,14)  2.67366  2.65528  2.65270
 R25       R(13,17)  2.62504  2.66611  2.66341
 R26       R(14,15)  2.63721  2.66299  2.66220
 R27       R(14,28)  2.05337  2.05055  2.04921
 R28       R(15,16)  2.67845  2.69615  2.69391
 R29       R(15,41)  2.78166  2.74861  2.75318
 R30       R(16,17)  2.52160  2.51481  2.51038
 R31       R(16,29)  2.05636  2.05523  2.05467
 R32       R(17,19)  2.93565  2.91558  2.92269
 R33       R(18,19)  2.63059  2.63256  2.62256
 R34       R(19,20)  2.63738  2.64686  2.63615
 R35       R(30,31)  2.65122  2.66324  2.66127
 R36       R(30,32)  2.65131  2.66429  2.66234
 R37       R(31,33)  2.63189  2.62614  2.62677
 R38       R(31,36)  2.06204  2.06029  2.06049
 R39       R(32,34)  2.63289  2.62594  2.62691
 R40       R(32,37)  2.06217  2.06040  2.06046
 R41       R(33,35)  2.63785  2.64092  2.64050
 R42       R(33,38)  2.06102  2.06045  2.06050
 R43       R(34,35)  2.63676  2.64089  2.64004
 R44       R(34,39)  2.06102  2.06030  2.06042
 R45       R(35,40)  2.06060  2.06047  2.06046
 R46       R(41,42)  2.65115  2.66320  2.66235
 R47       R(41,43)  2.65134  2.66429  2.66136
 R48       R(42,44)  2.63212  2.62618  2.62689
 R49       R(42,47)  2.06218  2.06043  2.06046
 R50       R(43,45)  2.63282  2.62579  2.62678
 R51       R(43,48)  2.06216  2.06046  2.06047
 R52       R(44,46)  2.63771  2.64091  2.64012
 R53       R(44,49)  2.06100  2.06046  2.06040
 R54       R(45,46)  2.63685  2.64101  2.64049
 R55       R(45,50)  2.06098  2.06029  2.06053
 R56       R(46,51)  2.06060  2.06045  2.06046
  A1       A(2,1,5)  1.88973  1.89722  1.90706
  A2      A(2,1,19)  2.18971  2.18253  2.23787
  A3      A(5,1,19)  2.19453  2.18924  2.13824
  A4       A(1,2,3)  1.92891  1.92029  1.91419
  A5      A(1,2,21)  2.10267  2.10071  2.10051
  A6      A(3,2,21)  2.25116  2.26153  2.26834
  A7       A(2,3,4)  1.84671  1.85075  1.85029
  A8      A(2,3,30)  2.19930  2.19251  2.19645
  A9      A(4,3,30)  2.23710  2.23984  2.23644
 A10       A(3,4,5)  1.87661  1.87888  1.88271
 A11      A(3,4,22)  2.22050  2.21898  2.20857
 A12      A(5,4,22)  2.18603  2.18520  2.18894
 A13       A(1,5,4)  1.88270  1.87728  1.87047
 A14      A(1,5,12)  2.11050  2.10464  2.08621
 A15      A(4,5,12)  2.28995  2.30092  2.31922
 A16      A(7,6,11)  2.09655  2.10680  2.11764
 A17      A(7,6,23)  2.09882  2.09350  2.06878
 A18     A(11,6,23)  2.08748  2.08268  2.09617
 A19       A(6,7,8)  2.09708  2.09894  2.10619
 A20      A(6,7,24)  2.08822  2.08746  2.08052
 A21      A(8,7,24)  2.09789  2.09676  2.09640
 A22       A(7,8,9)  2.09384  2.08709  2.07604
 A23      A(7,8,25)  2.09475  2.09812  2.10342
 A24      A(9,8,25)  2.09460  2.09797  2.10342
 A25      A(8,9,10)  2.09735  2.09996  2.10619
 A26      A(8,9,26)  2.09776  2.09647  2.09639
 A27     A(10,9,26)  2.08807  2.08671  2.08053
 A28     A(9,10,11)  2.09631  2.10575  2.11760
 A29     A(9,10,27)  2.09812  2.09036  2.06882
 A30    A(11,10,27)  2.08834  2.08663  2.09616
 A31     A(6,11,10)  2.08515  2.06781  2.04093
 A32     A(6,11,12)  2.09631  2.09834  2.12032
 A33    A(10,11,12)  2.10172  2.11700  2.12015
 A34     A(5,12,11)  2.10009  2.12215  2.15344
 A35     A(5,12,13)  2.09095  2.06344  1.97216
 A36    A(11,12,13)  2.09209  2.09595  2.15383
 A37    A(12,13,14)  2.28486  2.28696  2.31960
 A38    A(12,13,17)  2.11292  2.11370  2.08598
 A39    A(14,13,17)  1.88289  1.87892  1.87038
 A40    A(13,14,15)  1.87638  1.87807  1.88278
 A41    A(13,14,28)  2.18447  2.17965  2.18899
 A42    A(15,14,28)  2.22142  2.22392  2.20848
 A43    A(14,15,16)  1.84698  1.85068  1.85023
 A44    A(14,15,41)  2.23529  2.24073  2.23669
 A45    A(16,15,41)  2.20090  2.19177  2.19626
 A46    A(15,16,17)  1.92831  1.91955  1.91423
 A47    A(15,16,29)  2.25166  2.26172  2.26847
 A48    A(17,16,29)  2.10317  2.10180  2.10036
 A49    A(13,17,16)  1.89020  1.89748  1.90710
 A50    A(13,17,19)  2.19609  2.18694  2.13844
 A51    A(16,17,19)  2.19683  2.19632  2.23763
 A52     A(1,19,17)  1.84318  1.82666  1.78591
 A53     A(1,19,18)  1.93120  1.93468  1.93242
 A54     A(1,19,20)  1.91585  1.92269  1.92978
 A55    A(17,19,18)  1.92567  1.93417  1.93239
 A56    A(17,19,20)  1.92377  1.92763  1.92978
 A57    A(18,19,20)  1.92280  1.91656  1.94755
 A58     A(3,30,31)  2.10472  2.10325  2.10403
 A59     A(3,30,32)  2.10885  2.11390  2.11273
 A60    A(31,30,32)  2.06962  2.06604  2.06641
 A61    A(30,31,33)  2.10641  2.10693  2.10709
 A62    A(30,31,36)  2.08928  2.09001  2.09053
 A63    A(33,31,36)  2.08736  2.08622  2.08553
 A64    A(30,32,34)  2.10623  2.10682  2.10671
 A65    A(30,32,37)  2.09242  2.09526  2.09470
 A66    A(34,32,37)  2.08442  2.08107  2.08174
 A67    A(31,33,35)  2.09919  2.09896  2.09889
 A68    A(31,33,38)  2.08765  2.08877  2.08852
 A69    A(35,33,38)  2.09632  2.09546  2.09577
 A70    A(32,34,35)  2.09915  2.09893  2.09908
 A71    A(32,34,39)  2.08736  2.08814  2.08793
 A72    A(35,34,39)  2.09665  2.09610  2.09617
 A73    A(33,35,34)  2.08576  2.08869  2.08819
 A74    A(33,35,40)  2.09871  2.09732  2.09759
 A75    A(34,35,40)  2.09872  2.09718  2.09740
 A76    A(15,41,42)  2.10358  2.10324  2.11255
 A77    A(15,41,43)  2.10964  2.11359  2.10429
 A78    A(42,41,43)  2.06996  2.06635  2.06634
 A79    A(41,42,44)  2.10629  2.10667  2.10681
 A80    A(41,42,47)  2.08842  2.08956  2.09472
 A81    A(44,42,47)  2.08834  2.08692  2.08163
 A82    A(41,43,45)  2.10596  2.10675  2.10707
 A83    A(41,43,48)  2.09224  2.09469  2.09072
 A84    A(45,43,48)  2.08484  2.08171  2.08536
 A85    A(42,44,46)  2.09896  2.09896  2.09903
 A86    A(42,44,49)  2.08791  2.08889  2.08797
 A87    A(46,44,49)  2.09629  2.09533  2.09618
 A88    A(43,45,46)  2.09913  2.09878  2.09896
 A89    A(43,45,50)  2.08750  2.08829  2.08847
 A90    A(46,45,50)  2.09654  2.09611  2.09575
 A91    A(44,46,45)  2.08605  2.08886  2.08816
 A92    A(44,46,51)  2.09859  2.09726  2.09744
 A93    A(45,46,51)  2.09854  2.09706  2.09758
  D1     D(5,1,2,3) -0.00192 -0.01350 -0.00019
  D2    D(5,1,2,21) -3.11406 -3.11963 -3.12520
  D3    D(19,1,2,3)  3.00073  2.95563 -3.13532
  D4   D(19,1,2,21) -0.11141 -0.15050  0.02286
  D5     D(2,1,5,4)  0.01016  0.02390 -0.00609
  D6    D(2,1,5,12) -3.13936 -3.09251 -3.03450
  D7    D(19,1,5,4) -2.99200 -2.94440  3.12948
  D8   D(19,1,5,12)  0.14166  0.22237  0.10107
  D9   D(2,1,19,17)  3.09892  2.92987  2.47955
 D10   D(2,1,19,18)  1.01509  0.84381  0.41969
 D11   D(2,1,19,20) -1.11075 -1.28108 -1.74798
 D12   D(5,1,19,17) -0.20542 -0.41258 -0.65481
 D13   D(5,1,19,18) -2.28924 -2.49863 -2.71467
 D14   D(5,1,19,20)  1.86810  1.65966  1.40084
 D15     D(1,2,3,4) -0.00712 -0.00202  0.00634
 D16    D(1,2,3,30) -3.13604 -3.13115 -3.13039
 D17    D(21,2,3,4)  3.10182  3.09987  3.12926
 D18   D(21,2,3,30) -0.02710 -0.02926 -0.00747
 D19     D(2,3,4,5)  0.01306  0.01671 -0.00995
 D20    D(2,3,4,22) -3.13894 -3.14095  3.05210
 D21    D(30,3,4,5) -3.14157 -3.13780  3.12663
 D22   D(30,3,4,22) -0.01039 -0.01227 -0.09450
 D23   D(2,3,30,31)  2.77135  3.02665  3.02525
 D24   D(2,3,30,32) -0.36917 -0.11673 -0.12012
 D25   D(4,3,30,31) -0.35473 -0.09968 -0.11040
 D26   D(4,3,30,32)  2.78794  3.04013  3.02741
 D27     D(3,4,5,1) -0.01455 -0.02484  0.00997
 D28    D(3,4,5,12)  3.13609  3.08766  3.01704
 D29    D(22,4,5,1)  3.13720  3.13242 -3.05322
 D30   D(22,4,5,12)  0.00465 -0.03827 -0.04614
 D31   D(1,5,12,11)  3.12386 -3.12905 -2.68482
 D32   D(1,5,12,13) -0.00647  0.07424  0.54708
 D33   D(4,5,12,11) -0.02777  0.04476  0.60458
 D34   D(4,5,12,13)  3.12509 -3.03514 -2.44671
 D35    D(11,6,7,8) -0.01305 -0.00308  0.01451
 D36   D(11,6,7,24)  3.12661  3.13071 -3.14010
 D37    D(23,6,7,8) -3.12672 -3.12260 -3.08983
 D38   D(23,6,7,24)  0.01293  0.01119  0.03875
 D39   D(7,6,11,10)  0.00845  0.00853 -0.05613
 D40   D(7,6,11,12) -3.13792  3.14057 -3.13448
 D41  D(23,6,11,10)  3.12230  3.12818  3.04763
 D42  D(23,6,11,12) -0.02406 -0.02296 -0.03071
 D43     D(6,7,8,9)  0.00531 -0.00350  0.02926
 D44    D(6,7,8,25) -3.13515  3.14109 -3.13886
 D45    D(24,7,8,9) -3.13434 -3.13725 -3.09920
 D46   D(24,7,8,25)  0.00839  0.00734  0.01586
 D47    D(7,8,9,10)  0.00705  0.00448 -0.02931
 D48    D(7,8,9,26) -3.13091 -3.12675  3.09897
 D49   D(25,8,9,10) -3.13568 -3.14011  3.13881
 D50   D(25,8,9,26)  0.00955  0.01184 -0.01609
 D51   D(8,9,10,11) -0.01161  0.00112 -0.01440
 D52   D(8,9,10,27) -3.12198 -3.10806  3.08996
 D53  D(26,9,10,11)  3.12636  3.13240  3.14038
 D54  D(26,9,10,27)  0.01600  0.02323 -0.03844
 D55   D(9,10,11,6)  0.00387 -0.00754  0.05607
 D56  D(9,10,11,12) -3.13294 -3.13948  3.13442
 D57  D(27,10,11,6)  3.11441  3.10170 -3.04771
 D58 D(27,10,11,12) -0.02240 -0.03023  0.03064
 D59   D(6,11,12,5)  2.24126  2.34172 -3.12323
 D60  D(6,11,12,13) -0.91160 -0.86270 -0.08124
 D61  D(10,11,12,5) -0.90514 -0.80969  0.08448
 D62 D(10,11,12,13)  2.22518  2.26907  3.12647
 D63  D(5,12,13,14)  3.03116  2.93744  2.44653
 D64  D(5,12,13,17) -0.02436 -0.10109 -0.54788
 D65 D(11,12,13,14) -0.09922 -0.14342 -0.60474
 D66 D(11,12,13,17)  3.12844  3.10124  2.68403
 D67 D(12,13,14,15) -3.06979 -3.03905 -3.01777
 D68 D(12,13,14,28)  0.02865  0.04639  0.04589
 D69 D(17,13,14,15) -0.00565  0.00997 -0.01015
 D70 D(17,13,14,28)  3.09279  3.09541  3.05351
 D71 D(12,13,17,16)  3.07605  3.04741  3.03528
 D72 D(12,13,17,19) -0.07752 -0.16588 -0.09936
 D73 D(14,13,17,16)  0.00277 -0.01265  0.00636
 D74 D(14,13,17,19)  3.13239  3.05725 -3.12828
 D75 D(13,14,15,16)  0.00616 -0.00388  0.00999
 D76 D(13,14,15,41) -3.14085  3.13442 -3.12682
 D77 D(28,14,15,16) -3.09109 -3.08747 -3.05256
 D78 D(28,14,15,41)  0.04508  0.05083  0.09381
 D79 D(14,15,16,17) -0.00464 -0.00403 -0.00621
 D80 D(14,15,16,29) -3.13560 -3.12891 -3.12992
 D81 D(41,15,16,17) -3.14096  3.14074  3.13075
 D82 D(41,15,16,29)  0.01127  0.01585  0.00704
 D83 D(14,15,41,42)  0.38379  0.10982 -3.03444
 D84 D(14,15,41,43) -2.75663 -3.02983  0.10356
 D85 D(16,15,41,42) -2.76426 -3.03566  0.11282
 D86 D(16,15,41,43)  0.37851  0.10788 -3.03236
 D87 D(15,16,17,13)  0.00116  0.01032 -0.00006
 D88 D(15,16,17,19) -3.12845 -3.05910  3.13408
 D89 D(29,16,17,13)  3.13316  3.13698  3.12566
 D90 D(29,16,17,19)  0.00355  0.06757 -0.02339
 D91  D(13,17,19,1)  0.17344  0.38337  0.65396
 D92 D(13,17,19,18)  2.26091  2.46977  2.71384
 D93 D(13,17,19,20) -1.89480 -1.68552 -1.40169
 D94  D(16,17,19,1) -2.98219 -2.84201 -2.47929
 D95 D(16,17,19,18) -0.89471 -0.75561 -0.41940
 D96 D(16,17,19,20)  1.23275  1.37228  1.74825
 D97  D(3,30,31,33) -3.14147  3.14075  3.13485
 D98  D(3,30,31,36) -0.01724 -0.00835 -0.01619
 D99 D(32,30,31,33) -0.00092  0.00089 -0.00307
D100 D(32,30,31,36)  3.12330  3.13498  3.12909
D101  D(3,30,32,34)  3.13664 -3.14048 -3.13520
D102  D(3,30,32,37) -0.02111 -0.00814 -0.00286
D103 D(31,30,32,34) -0.00390 -0.00064  0.00270
D104 D(31,30,32,37)  3.12153  3.13171  3.13503
D105 D(30,31,33,35)  0.00423 -0.00062  0.00149
D106 D(30,31,33,38)  3.13866  3.13959  3.14012
D107 D(36,31,33,35) -3.12001 -3.13472 -3.13069
D108 D(36,31,33,38)  0.01442  0.00549  0.00794
D109 D(30,32,34,35)  0.00544  0.00011 -0.00075
D110 D(30,32,34,39)  3.13998  3.13920  3.13897
D111 D(37,32,34,35) -3.12006 -3.13231 -3.13316
D112 D(37,32,34,39)  0.01448  0.00678  0.00657
D113 D(31,33,35,34) -0.00270  0.00007  0.00052
D114 D(31,33,35,40)  3.13861 -3.14112  3.14090
D115 D(38,33,35,34) -3.13710 -3.14013 -3.13810
D116 D(38,33,35,40)  0.00421  0.00187  0.00229
D117 D(32,34,35,33) -0.00210  0.00018 -0.00089
D118 D(32,34,35,40)  3.13977  3.14137 -3.14127
D119 D(39,34,35,33) -3.13661 -3.13890 -3.14060
D120 D(39,34,35,40)  0.00527  0.00229  0.00220
D121 D(15,41,42,44) -3.13712 -3.13945  3.13590
D122 D(15,41,42,47)  0.02191  0.01119  0.00301
D123 D(43,41,42,44)  0.00332  0.00025 -0.00219
D124 D(43,41,42,47) -3.12083 -3.13230 -3.13507
D125 D(15,41,43,45) -3.14087  3.13960 -3.13549
D126 D(15,41,43,48)  0.01847  0.00727  0.01509
D127 D(42,41,43,45)  0.00187 -0.00008  0.00261
D128 D(42,41,43,48) -3.12197 -3.13242 -3.13000
D129 D(41,42,44,46) -0.00568 -0.00019  0.00054
D130 D(41,42,44,49) -3.13927 -3.13938 -3.13927
D131 D(47,42,44,46)  3.11848  3.13237  3.13349
D132 D(47,42,44,49) -0.01511 -0.00681 -0.00632
D133 D(41,43,45,46) -0.00475 -0.00014 -0.00139
D134 D(41,43,45,50) -3.13946 -3.13952 -3.14008
D135 D(48,43,45,46)  3.11917  3.13227  3.13125
D136 D(48,43,45,50) -0.01554 -0.00711 -0.00744
D137 D(42,44,46,45)  0.00277 -0.00003  0.00074
D138 D(42,44,46,51) -3.13817 -3.14116  3.14120
D139 D(49,44,46,45)  3.13633  3.13915  3.14054
D140 D(49,44,46,51) -0.00462 -0.00198 -0.00219
D141 D(43,45,46,44)  0.00240  0.00019 -0.00031
D142 D(43,45,46,51) -3.13984  3.14132 -3.14078
D143 D(50,45,46,44)  3.13708  3.13956  3.13837
D144 D(50,45,46,51) -0.00516 -0.00249 -0.00210
