optS0 = -1374.17333792
tdS0 = -1374.0785332
optS1 = -1374.08649789
optR1 = -1374.08121667

Name     Definition    optS0    optS1    optR1
  R1         R(1,2)  2.52051  2.51473  2.51038
  R2         R(1,5)  2.62586  2.66946  2.66251
  R3        R(1,19)  2.94032  2.92056  2.92458
  R4         R(2,3)  2.67887  2.69360  2.69261
  R5        R(2,21)  2.05639  2.05520  2.05449
  R6         R(3,4)  2.63686  2.66512  2.66384
  R7        R(3,30)  2.78149  2.74815  2.75282
  R8         R(4,5)  2.67407  2.65443  2.65067
  R9        R(4,22)  2.05300  2.04919  2.04938
 R10        R(5,12)  2.65555  2.68744  2.72842
 R11         R(6,7)  2.63169  2.63091  2.62508
 R12        R(6,11)  2.65134  2.65776  2.67580
 R13        R(6,23)  2.06136  2.06221  2.05451
 R14         R(7,8)  2.63678  2.63790  2.63868
 R15        R(7,24)  2.06018  2.06099  2.06079
 R16         R(8,9)  2.63695  2.63713  2.63877
 R17        R(8,25)  2.06064  2.06055  2.05993
 R18        R(9,10)  2.63170  2.63192  2.62507
 R19        R(9,26)  2.06016  2.06097  2.06079
 R20       R(10,11)  2.65107  2.65670  2.67586
 R21       R(10,27)  2.06124  2.06119  2.05458
 R22       R(11,12)  2.79326  2.78189  2.74225
 R23       R(12,13)  2.65559  2.68883  2.72849
 R24       R(13,14)  2.67415  2.65346  2.65072
 R25       R(13,17)  2.62463  2.66581  2.66263
 R26       R(14,15)  2.63664  2.66476  2.66387
 R27       R(14,28)  2.05335  2.05054  2.04932
 R28       R(15,16)  2.67908  2.69502  2.69264
 R29       R(15,41)  2.78133  2.74788  2.75280
 R30       R(16,17)  2.52061  2.51430  2.51030
 R31       R(16,29)  2.05630  2.05503  2.05451
 R32       R(17,19)  2.93804  2.91678  2.92463
 R33       R(18,19)  2.62856  2.63127  2.62179
 R34       R(19,20)  2.63469  2.64418  2.63275
 R35       R(30,31)  2.65099  2.66320  2.66114
 R36       R(30,32)  2.65107  2.66429  2.66228
 R37       R(31,33)  2.63164  2.62592  2.62658
 R38       R(31,36)  2.06207  2.06027  2.06045
 R39       R(32,34)  2.63265  2.62560  2.62661
 R40       R(32,37)  2.06216  2.06039  2.06046
 R41       R(33,35)  2.63764  2.64072  2.64025
 R42       R(33,38)  2.06102  2.06048  2.06054
 R43       R(34,35)  2.63651  2.64082  2.63992
 R44       R(34,39)  2.06102  2.06033  2.06044
 R45       R(35,40)  2.06058  2.06049  2.06046
 R46       R(41,42)  2.65092  2.66322  2.66227
 R47       R(41,43)  2.65110  2.66436  2.66121
 R48       R(42,44)  2.63186  2.62591  2.62660
 R49       R(42,47)  2.06218  2.06038  2.06046
 R50       R(43,45)  2.63257  2.62542  2.62659
 R51       R(43,48)  2.06215  2.06043  2.06045
 R52       R(44,46)  2.63745  2.64071  2.63999
 R53       R(44,49)  2.06101  2.06049  2.06043
 R54       R(45,46)  2.63661  2.64095  2.64024
 R55       R(45,50)  2.06096  2.06031  2.06056
 R56       R(46,51)  2.06059  2.06046  2.06046
  A1       A(2,1,5)  1.88979  1.89763  1.90703
  A2      A(2,1,19)  2.18920  2.18152  2.23771
  A3      A(5,1,19)  2.19503  2.18926  2.13840
  A4       A(1,2,3)  1.92909  1.92011  1.91415
  A5      A(1,2,21)  2.10217  2.09968  2.09956
  A6      A(3,2,21)  2.25146  2.26264  2.26931
  A7       A(2,3,4)  1.84655  1.85069  1.85014
  A8      A(2,3,30)  2.19925  2.19321  2.19704
  A9      A(4,3,30)  2.23731  2.23920  2.23600
 A10       A(3,4,5)  1.87650  1.87868  1.88228
 A11      A(3,4,22)  2.22052  2.21880  2.20928
 A12      A(5,4,22)  2.18611  2.18558  2.18863
 A13       A(1,5,4)  1.88274  1.87729  1.87113
 A14      A(1,5,12)  2.11029  2.10423  2.08599
 A15      A(4,5,12)  2.29013  2.30128  2.31831
 A16      A(7,6,11)  2.09674  2.10699  2.11732
 A17      A(7,6,23)  2.09933  2.09399  2.07020
 A18     A(11,6,23)  2.08680  2.08197  2.09504
 A19       A(6,7,8)  2.09710  2.09909  2.10617
 A20      A(6,7,24)  2.08831  2.08741  2.08082
 A21      A(8,7,24)  2.09777  2.09666  2.09612
 A22       A(7,8,9)  2.09366  2.08688  2.07637
 A23      A(7,8,25)  2.09483  2.09823  2.10324
 A24      A(9,8,25)  2.09469  2.09807  2.10324
 A25      A(8,9,10)  2.09737  2.10013  2.10616
 A26      A(8,9,26)  2.09767  2.09632  2.09611
 A27     A(10,9,26)  2.08814  2.08669  2.08082
 A28     A(9,10,11)  2.09649  2.10592  2.11729
 A29     A(9,10,27)  2.09858  2.09071  2.07023
 A30    A(11,10,27)  2.08771  2.08605  2.09504
 A31     A(6,11,10)  2.08490  2.06732  2.04124
 A32     A(6,11,12)  2.09638  2.09815  2.12018
 A33    A(10,11,12)  2.10189  2.11767  2.12007
 A34     A(5,12,11)  2.09973  2.12322  2.15442
 A35     A(5,12,13)  2.09171  2.06252  1.97025
 A36    A(11,12,13)  2.09169  2.09574  2.15474
 A37    A(12,13,14)  2.28502  2.28650  2.31865
 A38    A(12,13,17)  2.11268  2.11380  2.08579
 A39    A(14,13,17)  1.88294  1.87902  1.87104
 A40    A(13,14,15)  1.87627  1.87786  1.88233
 A41    A(13,14,28)  2.18448  2.17971  2.18870
 A42    A(15,14,28)  2.22147  2.22393  2.20917
 A43    A(14,15,16)  1.84678  1.85055  1.85010
 A44    A(14,15,41)  2.23559  2.23999  2.23619
 A45    A(16,15,41)  2.20080  2.19264  2.19688
 A46    A(15,16,17)  1.92852  1.91933  1.91418
 A47    A(15,16,29)  2.25205  2.26303  2.26942
 A48    A(17,16,29)  2.10255  2.10069  2.09943
 A49    A(13,17,16)  1.89025  1.89793  1.90707
 A50    A(13,17,19)  2.19663  2.18689  2.13856
 A51    A(16,17,19)  2.19623  2.19598  2.23750
 A52     A(1,19,17)  1.84152  1.82399  1.78308
 A53     A(1,19,18)  1.93063  1.93422  1.93124
 A54     A(1,19,20)  1.91549  1.92274  1.93028
 A55    A(17,19,18)  1.92503  1.93360  1.93122
 A56    A(17,19,20)  1.92348  1.92804  1.93029
 A57    A(18,19,20)  1.92610  1.91952  1.95113
 A58     A(3,30,31)  2.10492  2.10377  2.10458
 A59     A(3,30,32)  2.10879  2.11379  2.11271
 A60    A(31,30,32)  2.06947  2.06562  2.06589
 A61    A(30,31,33)  2.10654  2.10717  2.10741
 A62    A(30,31,36)  2.08871  2.08946  2.09004
 A63    A(33,31,36)  2.08780  2.08652  2.08570
 A64    A(30,32,34)  2.10632  2.10708  2.10703
 A65    A(30,32,37)  2.09189  2.09450  2.09406
 A66    A(34,32,37)  2.08485  2.08156  2.08205
 A67    A(31,33,35)  2.09914  2.09898  2.09892
 A68    A(31,33,38)  2.08779  2.08883  2.08857
 A69    A(35,33,38)  2.09623  2.09537  2.09569
 A70    A(32,34,35)  2.09913  2.09894  2.09910
 A71    A(32,34,39)  2.08742  2.08821  2.08798
 A72    A(35,34,39)  2.09661  2.09603  2.09611
 A73    A(33,35,34)  2.08575  2.08858  2.08802
 A74    A(33,35,40)  2.09871  2.09738  2.09768
 A75    A(34,35,40)  2.09872  2.09722  2.09749
 A76    A(15,41,42)  2.10380  2.10363  2.11254
 A77    A(15,41,43)  2.10965  2.11368  2.10479
 A78    A(42,41,43)  2.06973  2.06588  2.06585
 A79    A(41,42,44)  2.10649  2.10695  2.10711
 A80    A(41,42,47)  2.08788  2.08899  2.09407
 A81    A(44,42,47)  2.08867  2.08720  2.08197
 A82    A(41,43,45)  2.10609  2.10701  2.10739
 A83    A(41,43,48)  2.09181  2.09406  2.09016
 A84    A(45,43,48)  2.08515  2.08207  2.08560
 A85    A(42,44,46)  2.09890  2.09896  2.09906
 A86    A(42,44,49)  2.08805  2.08897  2.08801
 A87    A(46,44,49)  2.09620  2.09525  2.09611
 A88    A(43,45,46)  2.09913  2.09881  2.09897
 A89    A(43,45,50)  2.08754  2.08835  2.08854
 A90    A(46,45,50)  2.09649  2.09603  2.09567
 A91    A(44,46,45)  2.08600  2.08875  2.08800
 A92    A(44,46,51)  2.09861  2.09733  2.09752
 A93    A(45,46,51)  2.09857  2.09710  2.09767
  D1     D(5,1,2,3) -0.00192 -0.01427 -0.00087
  D2    D(5,1,2,21) -3.11354 -3.11790 -3.12510
  D3    D(19,1,2,3)  3.00112  2.95147 -3.13188
  D4   D(19,1,2,21) -0.11050 -0.15217  0.02708
  D5     D(2,1,5,4)  0.01021  0.02507 -0.00549
  D6    D(2,1,5,12) -3.13839 -3.08983 -3.03018
  D7    D(19,1,5,4) -2.99225 -2.93969  3.12624
  D8   D(19,1,5,12)  0.14233  0.22860  0.10154
  D9   D(2,1,19,17)  3.09703  2.92384  2.47113
 D10   D(2,1,19,18)  1.01526  0.84025  0.41468
 D11   D(2,1,19,20) -1.11411 -1.28810 -1.75711
 D12   D(5,1,19,17) -0.20689 -0.42255 -0.65861
 D13   D(5,1,19,18) -2.28866 -2.50614 -2.71506
 D14   D(5,1,19,20)  1.86516  1.64870  1.39634
 D15     D(1,2,3,4) -0.00716 -0.00194  0.00682
 D16    D(1,2,3,30) -3.13643 -3.13008 -3.12898
 D17    D(21,2,3,4)  3.10118  3.09710  3.12884
 D18   D(21,2,3,30) -0.02809 -0.03104 -0.00696
 D19     D(2,3,4,5)  0.01313  0.01734 -0.01004
 D20    D(2,3,4,22) -3.13935 -3.14035  3.05158
 D21    D(30,3,4,5) -3.14114 -3.13817  3.12558
 D22   D(30,3,4,22) -0.01044 -0.01268 -0.09598
 D23   D(2,3,30,31)  2.76347  3.01814  3.02338
 D24   D(2,3,30,32) -0.37732 -0.12532 -0.12217
 D25   D(4,3,30,31) -0.36304 -0.10698 -0.11113
 D26   D(4,3,30,32)  2.77936  3.03274  3.02651
 D27     D(3,4,5,1) -0.01462 -0.02593  0.00966
 D28    D(3,4,5,12)  3.13496  3.08480  3.01242
 D29    D(22,4,5,1)  3.13759  3.13138 -3.05315
 D30   D(22,4,5,12)  0.00399 -0.04107 -0.05039
 D31   D(1,5,12,11)  3.12399 -3.12848 -2.68148
 D32   D(1,5,12,13) -0.00611  0.07580  0.55062
 D33   D(4,5,12,11) -0.02647  0.04728  0.61261
 D34   D(4,5,12,13)  3.12661 -3.03163 -2.43847
 D35    D(11,6,7,8) -0.01285 -0.00353  0.01462
 D36   D(11,6,7,24)  3.12662  3.12986 -3.14065
 D37    D(23,6,7,8) -3.12690 -3.12183 -3.08905
 D38   D(23,6,7,24)  0.01258  0.01156  0.03887
 D39   D(7,6,11,10)  0.00836  0.00901 -0.05660
 D40   D(7,6,11,12) -3.13802  3.14086 -3.13659
 D41  D(23,6,11,10)  3.12260  3.12747  3.04653
 D42  D(23,6,11,12) -0.02377 -0.02386 -0.03346
 D43     D(6,7,8,9)  0.00520 -0.00348  0.02952
 D44    D(6,7,8,25) -3.13525  3.14119 -3.13927
 D45    D(24,7,8,9) -3.13426 -3.13683 -3.09828
 D46   D(24,7,8,25)  0.00847  0.00784  0.01612
 D47    D(7,8,9,10)  0.00695  0.00483 -0.02957
 D48    D(7,8,9,26) -3.13087 -3.12604  3.09807
 D49   D(25,8,9,10) -3.13579 -3.13984  3.13922
 D50   D(25,8,9,26)  0.00957  0.01248 -0.01633
 D51   D(8,9,10,11) -0.01141  0.00082 -0.01451
 D52   D(8,9,10,27) -3.12219 -3.10681  3.08919
 D53  D(26,9,10,11)  3.12644  3.13175  3.14091
 D54  D(26,9,10,27)  0.01565  0.02412 -0.03857
 D55   D(9,10,11,6)  0.00375 -0.00766  0.05655
 D56  D(9,10,11,12) -3.13304 -3.13940  3.13654
 D57  D(27,10,11,6)  3.11473  3.10006 -3.04663
 D58 D(27,10,11,12) -0.02206 -0.03168  0.03337
 D59   D(6,11,12,5)  2.23782  2.34670 -3.12249
 D60  D(6,11,12,13) -0.91527 -0.85875 -0.08087
 D61  D(10,11,12,5) -0.90861 -0.80492  0.08349
 D62 D(10,11,12,13)  2.22149  2.27282  3.12511
 D63  D(5,12,13,14)  3.03063  2.93029  2.43844
 D64  D(5,12,13,17) -0.02440 -0.10443 -0.55118
 D65 D(11,12,13,14) -0.09952 -0.14965 -0.61262
 D66 D(11,12,13,17)  3.12864  3.09882  2.68095
 D67 D(12,13,14,15) -3.06914 -3.03538 -3.01296
 D68 D(12,13,14,28)  0.02817  0.04758  0.05000
 D69 D(17,13,14,15) -0.00546  0.01022 -0.00973
 D70 D(17,13,14,28)  3.09185  3.09318  3.05323
 D71 D(12,13,17,16)  3.07557  3.04394  3.03077
 D72 D(12,13,17,19) -0.07888 -0.16833 -0.10035
 D73 D(14,13,17,16)  0.00268 -0.01307  0.00563
 D74 D(14,13,17,19)  3.13142  3.05784 -3.12549
 D75 D(13,14,15,16)  0.00596 -0.00390  0.01002
 D76 D(13,14,15,41) -3.14122  3.13470 -3.12560
 D77 D(28,14,15,16) -3.09014 -3.08493 -3.05177
 D78 D(28,14,15,41)  0.04587  0.05367  0.09580
 D79 D(14,15,16,17) -0.00450 -0.00428 -0.00670
 D80 D(14,15,16,29) -3.13494 -3.12834 -3.12912
 D81 D(41,15,16,17) -3.14065  3.14020  3.12910
 D82 D(41,15,16,29)  0.01210  0.01614  0.00668
 D83 D(14,15,41,42)  0.38929  0.11269 -3.03032
 D84 D(14,15,41,43) -2.75107 -3.02698  0.10751
 D85 D(16,15,41,42) -2.75895 -3.03244  0.11835
 D86 D(16,15,41,43)  0.38387  0.11108 -3.02700
 D87 D(15,16,17,13)  0.00113  0.01074  0.00071
 D88 D(15,16,17,19) -3.12761 -3.05972  3.13107
 D89 D(29,16,17,13)  3.13267  3.13668  3.12530
 D90 D(29,16,17,19)  0.00393  0.06623 -0.02753
 D91  D(13,17,19,1)  0.17525  0.39136  0.65803
 D92 D(13,17,19,18)  2.26073  2.47536  2.71449
 D93 D(13,17,19,20) -1.89146 -1.67628 -1.39691
 D94  D(16,17,19,1) -2.98140 -2.83280 -2.47099
 D95 D(16,17,19,18) -0.89592 -0.74879 -0.41453
 D96 D(16,17,19,20)  1.23508  1.38274  1.75726
 D97  D(3,30,31,33)  3.14109  3.14056  3.13471
 D98  D(3,30,31,36) -0.01854 -0.00939 -0.01650
 D99 D(32,30,31,33) -0.00129  0.00079 -0.00303
D100 D(32,30,31,36)  3.12227  3.13402  3.12895
D101  D(3,30,32,34)  3.13714 -3.14033 -3.13506
D102  D(3,30,32,37) -0.02113 -0.00874 -0.00300
D103 D(31,30,32,34) -0.00366 -0.00057  0.00267
D104 D(31,30,32,37)  3.12126  3.13102  3.13472
D105 D(30,31,33,35)  0.00445 -0.00054  0.00147
D106 D(30,31,33,38)  3.13850  3.13933  3.14008
D107 D(36,31,33,35) -3.11911 -3.13379 -3.13052
D108 D(36,31,33,38)  0.01493  0.00609  0.00808
D109 D(30,32,34,35)  0.00547  0.00010 -0.00075
D110 D(30,32,34,39)  3.13995  3.13910  3.13891
D111 D(37,32,34,35) -3.11951 -3.13156 -3.13288
D112 D(37,32,34,39)  0.01496  0.00744  0.00679
D113 D(31,33,35,34) -0.00266  0.00005  0.00051
D114 D(31,33,35,40)  3.13846 -3.14121  3.14089
D115 D(38,33,35,34) -3.13666 -3.13981 -3.13808
D116 D(38,33,35,40)  0.00445  0.00211  0.00230
D117 D(32,34,35,33) -0.00227  0.00017 -0.00086
D118 D(32,34,35,40)  3.13980  3.14143 -3.14125
D119 D(39,34,35,33) -3.13671 -3.13882 -3.14052
D120 D(39,34,35,40)  0.00537  0.00244  0.00228
D121 D(15,41,42,44) -3.13702 -3.13950  3.13573
D122 D(15,41,42,47)  0.02249  0.01150  0.00342
D123 D(43,41,42,44)  0.00337  0.00023 -0.00218
D124 D(43,41,42,47) -3.12031 -3.13197 -3.13449
D125 D(15,41,43,45) -3.14088  3.13967 -3.13532
D126 D(15,41,43,48)  0.01881  0.00762  0.01568
D127 D(42,41,43,45)  0.00192 -0.00004  0.00261
D128 D(42,41,43,48) -3.12158 -3.13210 -3.12958
D129 D(41,42,44,46) -0.00575 -0.00018  0.00055
D130 D(41,42,44,49) -3.13912 -3.13932 -3.13914
D131 D(47,42,44,46)  3.11792  3.13202  3.13292
D132 D(47,42,44,49) -0.01545 -0.00712 -0.00677
D133 D(41,43,45,46) -0.00485 -0.00018 -0.00139
D134 D(41,43,45,50) -3.13945 -3.13944 -3.13999
D135 D(48,43,45,46)  3.11871  3.13194  3.13081
D136 D(48,43,45,50) -0.01589 -0.00733 -0.00779
D137 D(42,44,46,45)  0.00279 -0.00004  0.00072
D138 D(42,44,46,51) -3.13806 -3.14117  3.14118
D139 D(49,44,46,45)  3.13612  3.13909  3.14040
D140 D(49,44,46,51) -0.00473 -0.00205 -0.00233
D141 D(43,45,46,44)  0.00247  0.00023 -0.00030
D142 D(43,45,46,51) -3.13986  3.14136 -3.14075
D143 D(50,45,46,44)  3.13704  3.13948  3.13829
D144 D(50,45,46,51) -0.00529 -0.00258 -0.00217
