optS0 = -912.193819765
tdS0 = -912.085111445
optS1 = -912.094905394
optR1 = -912.092008996

Name     Definition     optS0     optS1     optR1
  R1         R(1,2)    1.5525    1.5436    1.5508
  R2        R(1,11)    1.5534    1.5455    1.5506
  R3        R(1,19)    1.3942    1.3944    1.3946
  R4        R(1,20)    1.3968    1.4003    1.3874
  R5         R(2,3)    1.3380    1.3385    1.3353
  R6         R(2,9)    1.3888    1.4018    1.3991
  R7         R(3,4)    1.0879    1.0881    1.0876
  R8         R(3,5)    1.4093    1.4211    1.4186
  R9         R(5,6)    1.0853    1.0863    1.0862
 R10         R(5,7)    1.3892    1.3868    1.3889
 R11         R(7,8)    1.0863    1.0856    1.0854
 R12         R(7,9)    1.4184    1.4280    1.4239
 R13        R(9,10)    1.4049    1.4231    1.4440
 R14       R(10,18)    1.4049    1.4224    1.4441
 R15       R(10,21)    1.4785    1.4716    1.4460
 R16       R(11,12)    1.3380    1.3385    1.3353
 R17       R(11,18)    1.3891    1.4039    1.3990
 R18       R(12,13)    1.0879    1.0882    1.0876
 R19       R(12,14)    1.4091    1.4206    1.4186
 R20       R(14,15)    1.0853    1.0863    1.0862
 R21       R(14,16)    1.3892    1.3869    1.3889
 R22       R(16,17)    1.0862    1.0851    1.0855
 R23       R(16,18)    1.4184    1.4285    1.4240
 R24       R(21,22)    1.4030    1.4060    1.4155
 R25       R(21,29)    1.4030    1.4056    1.4155
 R26       R(22,23)    1.0908    1.0914    1.0884
 R27       R(22,24)    1.3928    1.3923    1.3889
 R28       R(24,25)    1.0902    1.0905    1.0904
 R29       R(24,26)    1.3955    1.3960    1.3970
 R30       R(26,27)    1.3955    1.3955    1.3969
 R31       R(26,31)    1.0904    1.0904    1.0901
 R32       R(27,28)    1.0902    1.0905    1.0905
 R33       R(27,29)    1.3927    1.3928    1.3888
 R34       R(29,30)    1.0907    1.0909    1.0884
  A1      A(2,1,11)  105.7941  104.8827  102.5946
  A2      A(2,1,19)  110.2636  110.6276  110.5453
  A3      A(2,1,20)  110.3173  110.6489  110.5761
  A4     A(11,1,19)  110.6277  110.7544  110.5532
  A5     A(11,1,20)  109.8682  110.2808  110.5952
  A6     A(19,1,20)  109.9016  109.5759  111.6331
  A7       A(1,2,3)  125.8362  125.6796  128.7856
  A8       A(1,2,9)  125.9455  125.8839  122.2603
  A9       A(3,2,9)  108.2117  108.4049  108.9058
 A10       A(2,3,4)  120.6131  120.7964  120.7545
 A11       A(2,3,5)  110.1800  109.8341  109.5541
 A12       A(4,3,5)  129.2048  129.3686  129.6911
 A13       A(3,5,6)  125.7563  125.2807  125.5198
 A14       A(3,5,7)  106.6294  107.0983  107.0507
 A15       A(6,5,7)  127.6093  127.6167  127.4287
 A16       A(5,7,8)  127.5374  127.8018  127.2727
 A17       A(5,7,9)  107.0823  107.0363  107.1550
 A18       A(8,7,9)  125.3682  125.1316  125.5391
 A19       A(2,9,7)  107.8940  107.6256  107.3094
 A20      A(2,9,10)  121.0968  121.6454  119.7943
 A21      A(7,9,10)  130.8908  130.5896  132.6108
 A22     A(9,10,18)  119.7801  117.5948  111.1294
 A23     A(9,10,21)  119.9481  120.4710  124.2792
 A24    A(18,10,21)  120.2690  121.8510  124.2113
 A25     A(1,11,12)  125.5903  124.9915  128.8035
 A26     A(1,11,18)  125.8779  126.0054  122.2420
 A27    A(12,11,18)  108.1960  108.3876  108.9042
 A28    A(11,12,13)  120.6156  120.8081  120.7574
 A29    A(11,12,14)  110.1947  109.8712  109.5551
 A30    A(13,12,14)  129.1862  129.3103  129.6872
 A31    A(12,14,15)  125.7793  125.3313  125.5209
 A32    A(12,14,16)  106.6284  107.1225  107.0497
 A33    A(15,14,16)  127.5910  127.5444  127.4287
 A34    A(14,16,17)  127.4770  127.4995  127.2846
 A35    A(14,16,18)  107.0866  107.0674  107.1512
 A36    A(17,16,18)  125.4341  125.4320  125.5316
 A37    A(10,18,11)  121.0180  121.1615  119.8269
 A38    A(10,18,16)  131.0852  131.2912  132.5782
 A39    A(11,18,16)  107.8899  107.5446  107.3139
 A40    A(10,21,22)  120.1750  120.2333  121.2910
 A41    A(10,21,29)  120.3788  121.1555  121.2444
 A42    A(22,21,29)  119.4459  118.6084  117.3862
 A43    A(21,22,23)  119.6004  119.4152  119.9424
 A44    A(21,22,24)  120.1374  120.6267  121.0905
 A45    A(23,22,24)  120.2438  119.9441  118.9422
 A46    A(22,24,25)  119.6488  119.6061  119.3306
 A47    A(22,24,26)  120.1600  120.2464  120.5894
 A48    A(25,24,26)  120.1912  120.1461  120.0769
 A49    A(24,26,27)  119.9505  119.6427  119.1857
 A50    A(24,26,31)  120.0267  120.1762  120.4021
 A51    A(27,26,31)  120.0228  120.1810  120.3994
 A52    A(26,27,28)  120.1936  120.1329  120.0841
 A53    A(26,27,29)  120.1681  120.2972  120.5868
 A54    A(28,27,29)  119.6380  119.5673  119.3259
 A55    A(21,29,27)  120.1324  120.5776  121.0938
 A56    A(21,29,30)  119.6220  119.5965  119.9215
 A57    A(27,29,30)  120.2230  119.7970  118.9583
  D1    D(11,1,2,3) -172.5666 -165.8728  141.5778
  D2    D(11,1,2,9)    6.3869   16.4115  -35.6028
  D3    D(19,1,2,3)  -52.9166  -46.4127 -100.5237
  D4    D(19,1,2,9)  126.0369  135.8715   82.2956
  D5    D(20,1,2,3)   68.6596   75.2179   23.6168
  D6    D(20,1,2,9) -112.3869 -102.4979 -153.5639
  D7   D(2,1,11,12)  179.2668  171.6141 -141.5942
  D8   D(2,1,11,18)   -8.1831  -18.4389   35.5298
  D9  D(19,1,11,12)   59.8564   52.2390  100.5129
 D10  D(19,1,11,18) -127.5935 -137.8141  -82.3631
 D11  D(20,1,11,12)  -61.6621  -69.2291  -23.6467
 D12  D(20,1,11,18)  110.8881  100.7179  153.4773
 D13     D(1,2,3,4)   -0.4245    2.5176    2.5918
 D14     D(1,2,3,5)  179.0960 -177.7941 -177.2338
 D15     D(9,2,3,4) -179.5326 -179.4327 -179.9281
 D16     D(9,2,3,5)   -0.0121    0.2556    0.2463
 D17     D(1,2,9,7) -178.7913  177.9210  176.5320
 D18    D(1,2,9,10)   -2.3384   -5.9440    1.9191
 D19     D(3,2,9,7)    0.3156   -0.1237   -1.1453
 D20    D(3,2,9,10)  176.7685  176.0113 -175.7582
 D21     D(2,3,5,6) -179.5374 -179.5791 -179.5232
 D22     D(2,3,5,7)   -0.3004   -0.2914    0.7709
 D23     D(4,3,5,6)   -0.0699    0.0745    0.6715
 D24     D(4,3,5,7)  179.1670  179.3622 -179.0343
 D25     D(3,5,7,8) -178.2974 -177.8538  176.5363
 D26     D(3,5,7,9)    0.4812    0.2050   -1.4457
 D27     D(6,5,7,8)    0.9210    1.4121   -3.1622
 D28     D(6,5,7,9)  179.6995  179.4709  178.8557
 D29     D(5,7,9,2)   -0.4980   -0.0572    1.6037
 D30    D(5,7,9,10) -176.4794 -175.7234  175.2478
 D31     D(8,7,9,2)  178.3142  178.0674 -176.4229
 D32    D(8,7,9,10)    2.3329    2.4012   -2.7788
 D33   D(2,9,10,18)   -1.3537   -5.9187   36.0874
 D34   D(2,9,10,21)  179.2511  177.3359 -150.7451
 D35   D(7,9,10,18)  174.1794  169.2284 -136.9173
 D36   D(7,9,10,21)   -5.2157   -7.5170   36.2502
 D37  D(9,10,18,11)   -0.3783    4.0152  -36.1639
 D38  D(9,10,18,16)  178.5447 -175.3112  136.8969
 D39 D(21,10,18,11)  179.0149 -179.2872  150.6632
 D40 D(21,10,18,16)   -2.0621    1.3863  -36.2761
 D41  D(9,10,21,22)  -52.4870  -48.9418    5.3059
 D42  D(9,10,21,29)  127.3045  130.4511 -177.9963
 D43 D(18,10,21,22)  128.1209  134.4541  177.5942
 D44 D(18,10,21,29)  -52.0877  -46.1530   -5.7080
 D45  D(1,11,12,13)   -5.7611   -7.8694   -2.6697
 D46  D(1,11,12,14)  173.6212  171.0648  177.1449
 D47 D(18,11,12,13) -179.4118 -179.3114  179.9013
 D48 D(18,11,12,14)   -0.0296   -0.3773   -0.2841
 D49  D(1,11,18,10)    5.9465    9.9467   -1.7871
 D50  D(1,11,18,16) -173.2005 -170.5840 -176.4402
 D51 D(12,11,18,10)  179.5742 -178.7207  175.8441
 D52 D(12,11,18,16)    0.4272    0.7485    1.1911
 D53 D(11,12,14,15) -179.9957 -179.6960  179.5397
 D54 D(11,12,14,16)   -0.3853   -0.1514   -0.7561
 D55 D(13,12,14,15)   -0.6816   -0.8792   -0.6674
 D56 D(13,12,14,16)  178.9288  178.6655  179.0368
 D57 D(12,14,16,17) -178.8272 -179.0343 -176.5395
 D58 D(12,14,16,18)    0.6309    0.6039    1.4593
 D59 D(15,14,16,17)    0.7739    0.4971    3.1573
 D60 D(15,14,16,18) -179.7680 -179.8646 -178.8439
 D61 D(14,16,18,10) -179.6912  178.5619 -175.3365
 D62 D(14,16,18,11)   -0.6611   -0.8336   -1.6396
 D63 D(17,16,18,10)   -0.2190   -1.7903    2.7069
 D64 D(17,16,18,11)  178.8111  178.8142  176.4039
 D65 D(10,21,22,23)   -1.3417   -1.5822    1.2397
 D66 D(10,21,22,24) -179.7800  179.7780  179.4064
 D67 D(29,21,22,23)  178.8649  179.0096 -175.5809
 D68 D(29,21,22,24)    0.4267    0.3698    2.5858
 D69 D(10,21,29,27) -179.5158 -179.6793 -179.4046
 D70 D(10,21,29,30)   -1.2429   -1.6357   -1.2899
 D71 D(22,21,29,27)    0.2771   -0.2767   -2.5826
 D72 D(22,21,29,30)  178.5500  177.7668  175.5322
 D73 D(21,22,24,25)  179.1540  179.3846 -179.9830
 D74 D(21,22,24,26)   -0.7251   -0.1873   -0.6187
 D75 D(23,22,24,25)    0.7259    0.7520   -1.7983
 D76 D(23,22,24,26) -179.1532 -178.8200  177.5660
 D77 D(22,24,26,27)    0.3181   -0.0945   -1.4352
 D78 D(22,24,26,31) -179.6364 -179.9690  179.8591
 D79 D(25,24,26,27) -179.5603 -179.6642  177.9244
 D80 D(25,24,26,31)    0.4851    0.4614   -0.7814
 D81 D(24,26,27,28) -179.4314 -179.2129 -177.9060
 D82 D(24,26,27,29)    0.3878    0.1873    1.4385
 D83 D(31,26,27,28)    0.5232    0.6615    0.7998
 D84 D(31,26,27,29) -179.6576 -179.9382 -179.8557
 D85 D(26,27,29,21)   -0.6846    0.0010    0.6119
 D86 D(26,27,29,30) -178.9471 -178.0387 -177.5206
 D87 D(28,27,29,21)  179.1356  179.4046  179.9613
 D88 D(28,27,29,30)    0.8732    1.3650    1.8288
