optS0 = -912.194221551
tdS0 = -912.086104297
optS1 = -912.095778559
optR1 = -912.092702665

Name     Definition    optS0    optS1    optR1
  R1         R(1,2)  2.93313  2.91668  2.92991
  R2        R(1,11)  2.93471  2.92017  2.92940
  R3        R(1,19)  2.63538  2.63558  2.63637
  R4        R(1,20)  2.64032  2.64696  2.62215
  R5         R(2,3)  2.52869  2.52999  2.52356
  R6         R(2,9)  2.62460  2.64874  2.64403
  R7         R(3,4)  2.05577  2.05631  2.05524
  R8         R(3,5)  2.66291  2.68539  2.68086
  R9         R(5,6)  2.05095  2.05282  2.05255
 R10         R(5,7)  2.62527  2.62040  2.62432
 R11         R(7,8)  2.05276  2.05150  2.05103
 R12         R(7,9)  2.68031  2.69905  2.69145
 R13        R(9,10)  2.65509  2.68902  2.72843
 R14       R(10,18)  2.65508  2.68776  2.72853
 R15       R(10,21)  2.79383  2.78127  2.73375
 R16       R(11,12)  2.52877  2.52993  2.52368
 R17       R(11,18)  2.62526  2.65264  2.64374
 R18       R(12,13)  2.05583  2.05642  2.05527
 R19       R(12,14)  2.66264  2.68447  2.68079
 R20       R(14,15)  2.05097  2.05281  2.05259
 R21       R(14,16)  2.62537  2.62060  2.62435
 R22       R(16,17)  2.05261  2.05053  2.05120
 R23       R(16,18)  2.68024  2.69993  2.69154
 R24       R(21,22)  2.65141  2.65693  2.67460
 R25       R(21,29)  2.65131  2.65608  2.67473
 R26       R(22,23)  2.06133  2.06246  2.05663
 R27       R(22,24)  2.63197  2.63123  2.62475
 R28       R(24,25)  2.06017  2.06075  2.06064
 R29       R(24,26)  2.63709  2.63805  2.63984
 R30       R(26,27)  2.63708  2.63719  2.63973
 R31       R(26,31)  2.06063  2.06056  2.05996
 R32       R(27,28)  2.06016  2.06074  2.06069
 R33       R(27,29)  2.63191  2.63203  2.62471
 R34       R(29,30)  2.06118  2.06152  2.05677
  A1      A(2,1,11)  1.84696  1.83136  1.79143
  A2      A(2,1,19)  1.92460  1.93090  1.92933
  A3      A(2,1,20)  1.92554  1.93118  1.93023
  A4     A(11,1,19)  1.93093  1.93316  1.92946
  A5     A(11,1,20)  1.91774  1.92481  1.93058
  A6     A(19,1,20)  1.91714  1.91147  1.94718
  A7       A(1,2,3)  2.19643  2.19353  2.24756
  A8       A(1,2,9)  2.19803  2.19718  2.13402
  A9       A(3,2,9)  1.88860  1.89194  1.90083
 A10       A(2,3,4)  2.10532  2.10857  2.10781
 A11       A(2,3,5)  1.92299  1.91704  1.91210
 A12       A(4,3,5)  2.25483  2.25756  2.26327
 A13       A(3,5,6)  2.19485  2.18644  2.19065
 A14       A(3,5,7)  1.86107  1.86920  1.86840
 A15       A(6,5,7)  2.22718  2.22747  2.22412
 A16       A(5,7,8)  2.22581  2.23053  2.22095
 A17       A(5,7,9)  1.86900  1.86820  1.87038
 A18       A(8,7,9)  2.18816  2.18395  2.19125
 A19       A(2,9,7)  1.88307  1.87839  1.87264
 A20      A(2,9,10)  2.11358  2.12312  2.09097
 A21      A(7,9,10)  2.28448  2.27931  2.31467
 A22     A(9,10,18)  2.09038  2.05266  1.94076
 A23     A(9,10,21)  2.09360  2.10275  2.16858
 A24    A(18,10,21)  2.09916  2.12636  2.16731
 A25     A(1,11,12)  2.19217  2.18180  2.24790
 A26     A(1,11,18)  2.19686  2.19923  2.13367
 A27    A(12,11,18)  1.88833  1.89164  1.90080
 A28    A(11,12,13)  2.10537  2.10880  2.10786
 A29    A(11,12,14)  1.92325  1.91768  1.91212
 A30    A(13,12,14)  2.25451  2.25654  2.26320
 A31    A(12,14,15)  2.19526  2.18732  2.19066
 A32    A(12,14,16)  1.86105  1.86961  1.86838
 A33    A(15,14,16)  2.22686  2.22622  2.22413
 A34    A(14,16,17)  2.22475  2.22534  2.22118
 A35    A(14,16,18)  1.86908  1.86873  1.87031
 A36    A(17,16,18)  2.18932  2.18910  2.19111
 A37    A(10,18,11)  2.11221  2.11488  2.09157
 A38    A(10,18,16)  2.28785  2.29126  2.31405
 A39    A(11,18,16)  1.88301  1.87700  1.87272
 A40    A(10,21,22)  2.09745  2.09855  2.11706
 A41    A(10,21,29)  2.10096  2.11434  2.11616
 A42    A(22,21,29)  2.08478  2.07025  2.04857
 A43    A(21,22,23)  2.08760  2.08436  2.09376
 A44    A(21,22,24)  2.09675  2.10528  2.11358
 A45    A(23,22,24)  2.09851  2.09331  2.07542
 A46    A(22,24,25)  2.08825  2.08754  2.08260
 A47    A(22,24,26)  2.09718  2.09866  2.10471
 A48    A(25,24,26)  2.09775  2.09697  2.09582
 A49    A(24,26,27)  2.09357  2.08821  2.08002
 A50    A(24,26,31)  2.09484  2.09745  2.10150
 A51    A(27,26,31)  2.09477  2.09753  2.10145
 A52    A(26,27,28)  2.09780  2.09675  2.09595
 A53    A(26,27,29)  2.09732  2.09954  2.10466
 A54    A(28,27,29)  2.08805  2.08685  2.08253
 A55    A(21,29,27)  2.09667  2.10443  2.11365
 A56    A(21,29,30)  2.08796  2.08747  2.09335
 A57    A(27,29,30)  2.09816  2.09080  2.07573
  D1    D(11,1,2,3) -3.01250 -2.89848  2.47403
  D2    D(11,1,2,9)  0.11011  0.28251 -0.62032
  D3    D(19,1,2,3) -0.92371 -0.81284 -1.75109
  D4    D(19,1,2,9)  2.19890  2.36815  1.43774
  D5    D(20,1,2,3)  1.19712  1.30882  0.41425
  D6    D(20,1,2,9) -1.96346 -1.79338 -2.68011
  D7   D(2,1,11,12)  3.12963  2.99788 -2.47431
  D8   D(2,1,11,18) -0.14159 -0.31741  0.61905
  D9  D(19,1,11,12)  1.04502  0.91375  1.75090
 D10  D(19,1,11,18) -2.22621 -2.40154 -1.43892
 D11  D(20,1,11,12) -1.07482 -1.20514 -0.41477
 D12  D(20,1,11,18)  1.93714  1.76275  2.67859
 D13     D(1,2,3,4) -0.00803  0.04349  0.04363
 D14     D(1,2,3,5)  3.12519 -3.10359 -3.09491
 D15     D(9,2,3,4) -3.13344 -3.13174 -3.14018
 D16     D(9,2,3,5) -0.00022  0.00437  0.00447
 D17     D(1,2,9,7) -3.11986  3.10576  3.08270
 D18    D(1,2,9,10) -0.03992 -0.10244  0.03445
 D19     D(3,2,9,7)  0.00554 -0.00210 -0.01997
 D20    D(3,2,9,10)  3.08547  3.07288 -3.06822
 D21     D(2,3,5,6) -3.13360 -3.13419 -3.13401
 D22     D(2,3,5,7) -0.00526 -0.00499  0.01317
 D23     D(4,3,5,6) -0.00131  0.00131  0.01100
 D24     D(4,3,5,7)  3.12704  3.13051 -3.12501
 D25     D(3,5,7,8) -3.11202 -3.10467  3.08073
 D26     D(3,5,7,9)  0.00843  0.00352 -0.02494
 D27     D(6,5,7,8)  0.01600  0.02415 -0.05515
 D28     D(6,5,7,9)  3.13645  3.13234  3.12237
 D29     D(5,7,9,2) -0.00873 -0.00099  0.02779
 D30    D(5,7,9,10) -3.08047 -3.06789  3.05926
 D31     D(8,7,9,2)  3.11230  3.10832 -3.07865
 D32    D(8,7,9,10)  0.04057  0.04143 -0.04719
 D33   D(2,9,10,18) -0.02360 -0.10155  0.62688
 D34   D(2,9,10,21)  3.12843  3.09606 -2.63311
 D35   D(7,9,10,18)  3.04034  2.95641 -2.39348
 D36   D(7,9,10,21) -0.09081 -0.12917  0.62972
 D37  D(9,10,18,11) -0.00675  0.06875 -0.62821
 D38  D(9,10,18,16)  3.11570 -3.06168  2.39310
 D39 D(21,10,18,11)  3.12437 -3.12966  2.63168
 D40 D(21,10,18,16) -0.03636  0.02309 -0.63020
 D41  D(9,10,21,22) -0.91497 -0.85553  0.09215
 D42  D(9,10,21,29)  2.22301  2.27559 -3.10786
 D43 D(18,10,21,22)  2.23711  2.34448  3.10023
 D44 D(18,10,21,29) -0.90810 -0.80758 -0.09978
 D45  D(1,11,12,13) -0.10025 -0.13612 -0.04500
 D46  D(1,11,12,14)  3.03059  2.98729  3.09336
 D47 D(18,11,12,13) -3.13136 -3.12986  3.13971
 D48 D(18,11,12,14) -0.00051 -0.00645 -0.00512
 D49  D(1,11,18,10)  0.10316  0.17139 -0.03216
 D50  D(1,11,18,16) -3.02328 -2.97899 -3.08109
 D51 D(12,11,18,10)  3.13389 -3.11993  3.06970
 D52 D(12,11,18,16)  0.00745  0.01288  0.02077
 D53 D(11,12,14,15) -3.14156 -3.13663  3.13430
 D54 D(11,12,14,16) -0.00673 -0.00268 -0.01293
 D55 D(13,12,14,15) -0.01189 -0.01521 -0.01091
 D56 D(13,12,14,16)  3.12294  3.11874  3.12505
 D57 D(12,14,16,17) -3.12119 -3.12507 -3.08082
 D58 D(12,14,16,18)  0.01101  0.01046  0.02520
 D59 D(15,14,16,17)  0.01348  0.00866  0.05500
 D60 D(15,14,16,18) -3.13751 -3.13900 -3.12217
 D61 D(14,16,18,10) -3.13589  3.11720 -3.06079
 D62 D(14,16,18,11) -0.01153 -0.01439 -0.02843
 D63 D(17,16,18,10) -0.00345 -0.03030  0.04601
 D64 D(17,16,18,11)  3.12091  3.12130  3.07837
 D65 D(10,21,22,23) -0.02349 -0.02740  0.02115
 D66 D(10,21,22,24) -3.13773  3.13763  3.13073
 D67 D(29,21,22,23)  3.12169  3.12440 -3.06420
 D68 D(29,21,22,24)  0.00744  0.00625  0.04537
 D69 D(10,21,29,27) -3.13312 -3.13607 -3.13071
 D70 D(10,21,29,30) -0.02175 -0.02815 -0.02209
 D71 D(22,21,29,27)  0.00488 -0.00478 -0.04532
 D72 D(22,21,29,30)  3.11625  3.10314  3.06330
 D73 D(21,22,24,25)  3.12683  3.13109 -3.14147
 D74 D(21,22,24,26) -0.01269 -0.00308 -0.01090
 D75 D(23,22,24,25)  0.01276  0.01306 -0.03156
 D76 D(23,22,24,26) -3.12676 -3.12111  3.09901
 D77 D(22,24,26,27)  0.00558 -0.00167 -0.02511
 D78 D(22,24,26,31) -3.13522 -3.14111  3.13906
 D79 D(25,24,26,27) -3.13392 -3.13580  3.10538
 D80 D(25,24,26,31)  0.00846  0.00795 -0.01364
 D81 D(24,26,27,28) -3.13170 -3.12807 -3.10505
 D82 D(24,26,27,29)  0.00678  0.00313  0.02516
 D83 D(31,26,27,28)  0.00911  0.01137  0.01397
 D84 D(31,26,27,29) -3.13560 -3.14062 -3.13900
 D85 D(26,27,29,21) -0.01199  0.00014  0.01078
 D86 D(26,27,29,30) -3.12319 -3.10771 -3.09816
 D87 D(28,27,29,21)  3.12650  3.13140  3.14108
 D88 D(28,27,29,30)  0.01531  0.02355  0.03214
