optS0 = -912.194221551
tdS0 = -912.086104297
optS1 = -912.095778559
optR1 = -912.092702665

Name     Definition     optS0     optS1     optR1
  R1         R(1,2)    1.5521    1.5434    1.5504
  R2        R(1,11)    1.5530    1.5453    1.5502
  R3        R(1,19)    1.3946    1.3947    1.3951
  R4        R(1,20)    1.3972    1.4007    1.3876
  R5         R(2,3)    1.3381    1.3388    1.3354
  R6         R(2,9)    1.3889    1.4017    1.3992
  R7         R(3,4)    1.0879    1.0882    1.0876
  R8         R(3,5)    1.4092    1.4210    1.4187
  R9         R(5,6)    1.0853    1.0863    1.0862
 R10         R(5,7)    1.3892    1.3867    1.3887
 R11         R(7,8)    1.0863    1.0856    1.0854
 R12         R(7,9)    1.4184    1.4283    1.4243
 R13        R(9,10)    1.4050    1.4230    1.4438
 R14       R(10,18)    1.4050    1.4223    1.4439
 R15       R(10,21)    1.4784    1.4718    1.4466
 R16       R(11,12)    1.3382    1.3388    1.3355
 R17       R(11,18)    1.3892    1.4037    1.3990
 R18       R(12,13)    1.0879    1.0882    1.0876
 R19       R(12,14)    1.4090    1.4206    1.4186
 R20       R(14,15)    1.0853    1.0863    1.0862
 R21       R(14,16)    1.3893    1.3868    1.3887
 R22       R(16,17)    1.0862    1.0851    1.0854
 R23       R(16,18)    1.4183    1.4287    1.4243
 R24       R(21,22)    1.4031    1.4060    1.4153
 R25       R(21,29)    1.4030    1.4055    1.4154
 R26       R(22,23)    1.0908    1.0914    1.0883
 R27       R(22,24)    1.3928    1.3924    1.3890
 R28       R(24,25)    1.0902    1.0905    1.0904
 R29       R(24,26)    1.3955    1.3960    1.3969
 R30       R(26,27)    1.3955    1.3955    1.3969
 R31       R(26,31)    1.0904    1.0904    1.0901
 R32       R(27,28)    1.0902    1.0905    1.0905
 R33       R(27,29)    1.3927    1.3928    1.3889
 R34       R(29,30)    1.0907    1.0909    1.0884
  A1      A(2,1,11)  105.8229  104.9293  102.6412
  A2      A(2,1,19)  110.2711  110.6322  110.5426
  A3      A(2,1,20)  110.3255  110.6486  110.5942
  A4     A(11,1,19)  110.6342  110.7618  110.5498
  A5     A(11,1,20)  109.8783  110.2836  110.6143
  A6     A(19,1,20)  109.8442  109.5194  111.5654
  A7       A(1,2,3)  125.8461  125.6802  128.7756
  A8       A(1,2,9)  125.9381  125.8890  122.2701
  A9       A(3,2,9)  108.2086  108.4000  108.9097
 A10       A(2,3,4)  120.6262  120.8121  120.7686
 A11       A(2,3,5)  110.1794  109.8383  109.5555
 A12       A(4,3,5)  129.1924  129.3487  129.6756
 A13       A(3,5,6)  125.7557  125.2737  125.5148
 A14       A(3,5,7)  106.6312  107.0975  107.0514
 A15       A(6,5,7)  127.6081  127.6244  127.4330
 A16       A(5,7,8)  127.5295  127.7998  127.2513
 A17       A(5,7,9)  107.0861  107.0398  107.1648
 A18       A(8,7,9)  125.3726  125.1308  125.5493
 A19       A(2,9,7)  107.8922  107.6235  107.2942
 A20      A(2,9,10)  121.0990  121.6458  119.8036
 A21      A(7,9,10)  130.8914  130.5947  132.6208
 A22     A(9,10,18)  119.7698  117.6087  111.1973
 A23     A(9,10,21)  119.9547  120.4789  124.2505
 A24    A(18,10,21)  120.2728  121.8316  124.1778
 A25     A(1,11,12)  125.6021  125.0077  128.7954
 A26     A(1,11,18)  125.8711  126.0065  122.2503
 A27    A(12,11,18)  108.1930  108.3827  108.9079
 A28    A(11,12,13)  120.6287  120.8251  120.7715
 A29    A(11,12,14)  110.1939  109.8751  109.5565
 A30    A(13,12,14)  129.1739  129.2900  129.6716
 A31    A(12,14,15)  125.7789  125.3244  125.5157
 A32    A(12,14,16)  106.6302  107.1209  107.0504
 A33    A(15,14,16)  127.5897  127.5530  127.4330
 A34    A(14,16,17)  127.4687  127.5025  127.2640
 A35    A(14,16,18)  107.0903  107.0704  107.1606
 A36    A(17,16,18)  125.4387  125.4261  125.5414
 A37    A(10,18,11)  121.0208  121.1739  119.8383
 A38    A(10,18,16)  131.0838  131.2794  132.5856
 A39    A(11,18,16)  107.8883  107.5443  107.2990
 A40    A(10,21,22)  120.1749  120.2381  121.2986
 A41    A(10,21,29)  120.3759  121.1428  121.2468
 A42    A(22,21,29)  119.4488  118.6164  117.3741
 A43    A(21,22,23)  119.6106  119.4252  119.9634
 A44    A(21,22,24)  120.1351  120.6236  121.0991
 A45    A(23,22,24)  120.2357  119.9376  118.9126
 A46    A(22,24,25)  119.6479  119.6070  119.3243
 A47    A(22,24,26)  120.1596  120.2441  120.5911
 A48    A(25,24,26)  120.1924  120.1476  120.0815
 A49    A(24,26,27)  119.9528  119.6455  119.1763
 A50    A(24,26,31)  120.0256  120.1749  120.4069
 A51    A(27,26,31)  120.0216  120.1795  120.4041
 A52    A(26,27,28)  120.1953  120.1350  120.0890
 A53    A(26,27,29)  120.1678  120.2946  120.5880
 A54    A(28,27,29)  119.6366  119.5678  119.3199
 A55    A(21,29,27)  120.1301  120.5749  121.1032
 A56    A(21,29,30)  119.6312  119.6030  119.9399
 A57    A(27,29,30)  120.2159  119.7940  118.9305
  D1    D(11,1,2,3) -172.6047 -166.0713  141.7519
  D2    D(11,1,2,9)    6.3069   16.1860  -35.5420
  D3    D(19,1,2,3)  -52.9262  -46.5727 -100.3295
  D4    D(19,1,2,9)  125.9855  135.6845   82.3765
  D5    D(20,1,2,3)   68.5885   74.9894   23.7351
  D6    D(20,1,2,9) -112.4999 -102.7534 -153.5588
  D7   D(2,1,11,12)  179.3163  171.7661 -141.7673
  D8   D(2,1,11,18)   -8.1104  -18.1856   35.4691
  D9  D(19,1,11,12)   59.8765   52.3544  100.3193
 D10  D(19,1,11,18) -127.5502 -137.5974  -82.4444
 D11  D(20,1,11,12)  -61.5810  -69.0493  -23.7647
 D12  D(20,1,11,18)  110.9923  100.9989  153.4716
 D13     D(1,2,3,4)   -0.4604    2.4915    2.4992
 D14     D(1,2,3,5)  179.0597 -177.8226 -177.3254
 D15     D(9,2,3,4) -179.5328 -179.4356 -179.9192
 D16     D(9,2,3,5)   -0.0127    0.2503    0.2562
 D17     D(1,2,9,7) -178.7540  177.9473  176.6261
 D18    D(1,2,9,10)   -2.2862   -5.8692    1.9740
 D19     D(3,2,9,7)    0.3173   -0.1206   -1.1442
 D20    D(3,2,9,10)  176.7851  176.0630 -175.7963
 D21     D(2,3,5,6) -179.5422 -179.5758 -179.5656
 D22     D(2,3,5,7)   -0.3012   -0.2859    0.7541
 D23     D(4,3,5,6)   -0.0750    0.0753    0.6302
 D24     D(4,3,5,7)  179.1660  179.3651 -179.0501
 D25     D(3,5,7,8) -178.3060 -177.8843  176.5126
 D26     D(3,5,7,9)    0.4830    0.2016   -1.4289
 D27     D(6,5,7,8)    0.9165    1.3837   -3.1597
 D28     D(6,5,7,9)  179.7055  179.4696  178.8988
 D29     D(5,7,9,2)   -0.5002   -0.0568    1.5924
 D30    D(5,7,9,10) -176.4985 -175.7773  175.2824
 D31     D(8,7,9,2)  178.3220  178.0939 -176.3938
 D32    D(8,7,9,10)    2.3237    2.3734   -2.7038
 D33   D(2,9,10,18)   -1.3521   -5.8180   35.9177
 D34   D(2,9,10,21)  179.2455  177.3912 -150.8661
 D35   D(7,9,10,18)  174.1998  169.3898 -137.1363
 D36   D(7,9,10,21)   -5.2026   -7.4010   36.0799
 D37  D(9,10,18,11)   -0.3871    3.9392  -35.9941
 D38  D(9,10,18,16)  178.5156 -175.4219  137.1145
 D39 D(21,10,18,11)  179.0134 -179.3162  150.7838
 D40 D(21,10,18,16)   -2.0840    1.3228  -36.1076
 D41  D(9,10,21,22)  -52.4237  -49.0184    5.2801
 D42  D(9,10,21,29)  127.3690  130.3816 -178.0670
 D43 D(18,10,21,22)  128.1769  134.3289  177.6302
 D44 D(18,10,21,29)  -52.0303  -46.2711   -5.7169
 D45  D(1,11,12,13)   -5.7435   -7.7991   -2.5781
 D46  D(1,11,12,14)  173.6406  171.1591  177.2367
 D47 D(18,11,12,13) -179.4136 -179.3275  179.8923
 D48 D(18,11,12,14)   -0.0294   -0.3693   -0.2929
 D49  D(1,11,18,10)    5.9093    9.8197   -1.8427
 D50  D(1,11,18,16) -173.2216 -170.6839 -176.5336
 D51 D(12,11,18,10)  179.5578 -178.7588  175.8807
 D52 D(12,11,18,16)    0.4269    0.7377    1.1898
 D53 D(11,12,14,15) -179.9978 -179.7155  179.5820
 D54 D(11,12,14,16)   -0.3853   -0.1535   -0.7410
 D55 D(13,12,14,15)   -0.6814   -0.8714   -0.6248
 D56 D(13,12,14,16)  178.9311  178.6906  179.0522
 D57 D(12,14,16,17) -178.8311 -179.0533 -176.5178
 D58 D(12,14,16,18)    0.6307    0.5993    1.4440
 D59 D(15,14,16,17)    0.7722    0.4959    3.1512
 D60 D(15,14,16,18) -179.7660 -179.8514 -178.8870
 D61 D(14,16,18,10) -179.6726  178.6024 -175.3708
 D62 D(14,16,18,11)   -0.6608   -0.8243   -1.6292
 D63 D(17,16,18,10)   -0.1969   -1.7358    2.6357
 D64 D(17,16,18,11)  178.8150  178.8375  176.3773
 D65 D(10,21,22,23)   -1.3460   -1.5701    1.2117
 D66 D(10,21,22,24) -179.7789  179.7731  179.3774
 D67 D(29,21,22,23)  178.8593  179.0148 -175.5660
 D68 D(29,21,22,24)    0.4263    0.3581    2.5997
 D69 D(10,21,29,27) -179.5146 -179.6835 -179.3762
 D70 D(10,21,29,30)   -1.2462   -1.6129   -1.2655
 D71 D(22,21,29,27)    0.2797   -0.2740   -2.5967
 D72 D(22,21,29,30)  178.5481  177.7966  175.5140
 D73 D(21,22,24,25)  179.1542  179.3984 -179.9927
 D74 D(21,22,24,26)   -0.7270   -0.1765   -0.6243
 D75 D(23,22,24,25)    0.7311    0.7486   -1.8081
 D76 D(23,22,24,26) -179.1500 -178.8264  177.5604
 D77 D(22,24,26,27)    0.3199   -0.0954   -1.4385
 D78 D(22,24,26,31) -179.6350 -179.9721  179.8548
 D79 D(25,24,26,27) -179.5606 -179.6680  177.9252
 D80 D(25,24,26,31)    0.4845    0.4553   -0.7815
 D81 D(24,26,27,28) -179.4330 -179.2253 -177.9062
 D82 D(24,26,27,29)    0.3884    0.1793    1.4416
 D83 D(31,26,27,28)    0.5219    0.6514    0.8005
 D84 D(31,26,27,29) -179.6567 -179.9440 -179.8517
 D85 D(26,27,29,21)   -0.6873    0.0080    0.6179
 D86 D(26,27,29,30) -178.9455 -178.0589 -177.5114
 D87 D(28,27,29,21)  179.1351  179.4160  179.9707
 D88 D(28,27,29,30)    0.8769    1.3490    1.8413
