optS0 = -912.194140506
tdS0 = -912.086161983
optS1 = -912.095602112
optR1 = -912.092562424

Name     Definition    optS0    optS1    optR1
  R1         R(1,2)  2.93327  2.91675  2.93007
  R2        R(1,11)  2.93485  2.92026  2.92955
  R3        R(1,19)  2.63524  2.63547  2.63617
  R4        R(1,20)  2.64017  2.64681  2.62207
  R5         R(2,3)  2.52862  2.52989  2.52350
  R6         R(2,9)  2.62457  2.64880  2.64402
  R7         R(3,4)  2.05577  2.05630  2.05523
  R8         R(3,5)  2.66295  2.68541  2.68085
  R9         R(5,6)  2.05095  2.05282  2.05254
 R10         R(5,7)  2.62524  2.62045  2.62438
 R11         R(7,8)  2.05276  2.05150  2.05104
 R12         R(7,9)  2.68033  2.69894  2.69132
 R13        R(9,10)  2.65506  2.68908  2.72850
 R14       R(10,18)  2.65505  2.68781  2.72860
 R15       R(10,21)  2.79386  2.78118  2.73350
 R16       R(11,12)  2.52870  2.52983  2.52362
 R17       R(11,18)  2.62523  2.65272  2.64373
 R18       R(12,13)  2.05583  2.05641  2.05527
 R19       R(12,14)  2.66268  2.68448  2.68077
 R20       R(14,15)  2.05097  2.05281  2.05259
 R21       R(14,16)  2.62534  2.62065  2.62441
 R22       R(16,17)  2.05261  2.05052  2.05120
 R23       R(16,18)  2.68027  2.69982  2.69141
 R24       R(21,22)  2.65140  2.65695  2.67465
 R25       R(21,29)  2.65130  2.65609  2.67477
 R26       R(22,23)  2.06133  2.06246  2.05665
 R27       R(22,24)  2.63197  2.63121  2.62471
 R28       R(24,25)  2.06017  2.06075  2.06064
 R29       R(24,26)  2.63708  2.63805  2.63986
 R30       R(26,27)  2.63707  2.63719  2.63975
 R31       R(26,31)  2.06064  2.06056  2.05996
 R32       R(27,28)  2.06016  2.06074  2.06069
 R33       R(27,29)  2.63190  2.63201  2.62467
 R34       R(29,30)  2.06119  2.06152  2.05679
  A1      A(2,1,11)  1.84686  1.83120  1.79126
  A2      A(2,1,19)  1.92457  1.93088  1.92934
  A3      A(2,1,20)  1.92551  1.93118  1.93017
  A4     A(11,1,19)  1.93091  1.93313  1.92947
  A5     A(11,1,20)  1.91770  1.92480  1.93052
  A6     A(19,1,20)  1.91735  1.91167  1.94742
  A7       A(1,2,3)  2.19640  2.19353  2.24759
  A8       A(1,2,9)  2.19806  2.19716  2.13398
  A9       A(3,2,9)  1.88861  1.89195  1.90082
 A10       A(2,3,4)  2.10528  2.10851  2.10776
 A11       A(2,3,5)  1.92299  1.91703  1.91210
 A12       A(4,3,5)  2.25488  2.25763  2.26332
 A13       A(3,5,6)  2.19485  2.18646  2.19066
 A14       A(3,5,7)  1.86106  1.86921  1.86840
 A15       A(6,5,7)  2.22719  2.22744  2.22411
 A16       A(5,7,8)  2.22584  2.23053  2.22103
 A17       A(5,7,9)  1.86899  1.86819  1.87034
 A18       A(8,7,9)  2.18815  2.18395  2.19121
 A19       A(2,9,7)  1.88308  1.87839  1.87269
 A20      A(2,9,10)  2.11357  2.12312  2.09093
 A21      A(7,9,10)  2.28448  2.27929  2.31463
 A22     A(9,10,18)  2.09041  2.05261  1.94052
 A23     A(9,10,21)  2.09358  2.10273  2.16868
 A24    A(18,10,21)  2.09914  2.12643  2.16743
 A25     A(1,11,12)  2.19213  2.18174  2.24793
 A26     A(1,11,18)  2.19689  2.19923  2.13364
 A27    A(12,11,18)  1.88834  1.89165  1.90079
 A28    A(11,12,13)  2.10532  2.10874  2.10781
 A29    A(11,12,14)  1.92325  1.91767  1.91212
 A30    A(13,12,14)  2.25455  2.25661  2.26325
 A31    A(12,14,15)  2.19526  2.18735  2.19068
 A32    A(12,14,16)  1.86104  1.86962  1.86838
 A33    A(15,14,16)  2.22686  2.22619  2.22411
 A34    A(14,16,17)  2.22478  2.22533  2.22125
 A35    A(14,16,18)  1.86906  1.86872  1.87027
 A36    A(17,16,18)  2.18930  2.18912  2.19108
 A37    A(10,18,11)  2.11220  2.11484  2.09153
 A38    A(10,18,16)  2.28785  2.29130  2.31403
 A39    A(11,18,16)  1.88301  1.87700  1.87277
 A40    A(10,21,22)  2.09745  2.09853  2.11703
 A41    A(10,21,29)  2.10097  2.11439  2.11615
 A42    A(22,21,29)  2.08476  2.07022  2.04861
 A43    A(21,22,23)  2.08756  2.08433  2.09368
 A44    A(21,22,24)  2.09676  2.10529  2.11355
 A45    A(23,22,24)  2.09854  2.09333  2.07552
 A46    A(22,24,25)  2.08825  2.08753  2.08262
 A47    A(22,24,26)  2.09718  2.09866  2.10471
 A48    A(25,24,26)  2.09775  2.09697  2.09580
 A49    A(24,26,27)  2.09356  2.08820  2.08005
 A50    A(24,26,31)  2.09485  2.09745  2.10148
 A51    A(27,26,31)  2.09478  2.09753  2.10143
 A52    A(26,27,28)  2.09780  2.09674  2.09593
 A53    A(26,27,29)  2.09733  2.09955  2.10465
 A54    A(28,27,29)  2.08806  2.08685  2.08255
 A55    A(21,29,27)  2.09667  2.10444  2.11362
 A56    A(21,29,30)  2.08793  2.08744  2.09328
 A57    A(27,29,30)  2.09819  2.09081  2.07583
  D1    D(11,1,2,3) -3.01237 -2.89779  2.47344
  D2    D(11,1,2,9)  0.11039  0.28329 -0.62054
  D3    D(19,1,2,3) -0.92368 -0.81228 -1.75175
  D4    D(19,1,2,9)  2.19907  2.36880  1.43745
  D5    D(20,1,2,3)  1.19737  1.30962  0.41385
  D6    D(20,1,2,9) -1.96307 -1.79249 -2.68013
  D7   D(2,1,11,12)  3.12946  2.99735 -2.47369
  D8   D(2,1,11,18) -0.14184 -0.31829  0.61926
  D9  D(19,1,11,12)  1.04495  0.91335  1.75159
 D10  D(19,1,11,18) -2.22635 -2.40229 -1.43865
 D11  D(20,1,11,12) -1.07510 -1.20577 -0.41435
 D12  D(20,1,11,18)  1.93678  1.76178  2.67860
 D13     D(1,2,3,4) -0.00790  0.04358  0.04393
 D14     D(1,2,3,5)  3.12532 -3.10349 -3.09461
 D15     D(9,2,3,4) -3.13344 -3.13173 -3.14021
 D16     D(9,2,3,5) -0.00022  0.00439  0.00444
 D17     D(1,2,9,7) -3.11999  3.10568  3.08239
 D18    D(1,2,9,10) -0.04010 -0.10270  0.03427
 D19     D(3,2,9,7)  0.00553 -0.00212 -0.01998
 D20    D(3,2,9,10)  3.08542  3.07270 -3.06809
 D21     D(2,3,5,6) -3.13358 -3.13420 -3.13386
 D22     D(2,3,5,7) -0.00525 -0.00501  0.01322
 D23     D(4,3,5,6) -0.00129  0.00131  0.01114
 D24     D(4,3,5,7)  3.12704  3.13050 -3.12496
 D25     D(3,5,7,8) -3.11199 -3.10456  3.08081
 D26     D(3,5,7,9)  0.00842  0.00353 -0.02500
 D27     D(6,5,7,8)  0.01601  0.02425 -0.05515
 D28     D(6,5,7,9)  3.13643  3.13234  3.12222
 D29     D(5,7,9,2) -0.00872 -0.00099  0.02783
 D30    D(5,7,9,10) -3.08040 -3.06770  3.05914
 D31     D(8,7,9,2)  3.11228  3.10823 -3.07876
 D32    D(8,7,9,10)  0.04060  0.04152 -0.04745
 D33   D(2,9,10,18) -0.02361 -0.10190  0.62747
 D34   D(2,9,10,21)  3.12845  3.09587 -2.63269
 D35   D(7,9,10,18)  3.04027  2.95584 -2.39272
 D36   D(7,9,10,21) -0.09086 -0.12958  0.63030
 D37  D(9,10,18,11) -0.00672  0.06902 -0.62882
 D38  D(9,10,18,16)  3.11580 -3.06130  2.39233
 D39 D(21,10,18,11)  3.12438 -3.12956  2.63124
 D40 D(21,10,18,16) -0.03629  0.02331 -0.63080
 D41  D(9,10,21,22) -0.91519 -0.85526  0.09226
 D42  D(9,10,21,29)  2.22278  2.27584 -3.10759
 D43 D(18,10,21,22)  2.23691  2.34492  3.10012
 D44 D(18,10,21,29) -0.90830 -0.80716 -0.09973
 D45  D(1,11,12,13) -0.10031 -0.13637 -0.04533
 D46  D(1,11,12,14)  3.03052  2.98696  3.09302
 D47 D(18,11,12,13) -3.13135 -3.12980  3.13975
 D48 D(18,11,12,14) -0.00051 -0.00647 -0.00508
 D49  D(1,11,18,10)  0.10328  0.17183 -0.03195
 D50  D(1,11,18,16) -3.02320 -2.97864 -3.08075
 D51 D(12,11,18,10)  3.13394 -3.11980  3.06957
 D52 D(12,11,18,16)  0.00745  0.01291  0.02077
 D53 D(11,12,14,15) -3.14155 -3.13656  3.13415
 D54 D(11,12,14,16) -0.00673 -0.00267 -0.01298
 D55 D(13,12,14,15) -0.01189 -0.01524 -0.01106
 D56 D(13,12,14,16)  3.12293  3.11865  3.12499
 D57 D(12,14,16,17) -3.12118 -3.12500 -3.08090
 D58 D(12,14,16,18)  0.01101  0.01048  0.02525
 D59 D(15,14,16,17)  0.01348  0.00866  0.05502
 D60 D(15,14,16,18) -3.13751 -3.13905 -3.12201
 D61 D(14,16,18,10) -3.13595  3.11706 -3.06068
 D62 D(14,16,18,11) -0.01153 -0.01442 -0.02847
 D63 D(17,16,18,10) -0.00352 -0.03049  0.04626
 D64 D(17,16,18,11)  3.12090  3.12122  3.07846
 D65 D(10,21,22,23) -0.02348 -0.02745  0.02125
 D66 D(10,21,22,24) -3.13774  3.13765  3.13083
 D67 D(29,21,22,23)  3.12170  3.12438 -3.06425
 D68 D(29,21,22,24)  0.00744  0.00629  0.04533
 D69 D(10,21,29,27) -3.13313 -3.13605 -3.13081
 D70 D(10,21,29,30) -0.02174 -0.02823 -0.02218
 D71 D(22,21,29,27)  0.00487 -0.00479 -0.04527
 D72 D(22,21,29,30)  3.11626  3.10303  3.06336
 D73 D(21,22,24,25)  3.12683  3.13104 -3.14143
 D74 D(21,22,24,26) -0.01268 -0.00312 -0.01088
 D75 D(23,22,24,25)  0.01274  0.01308 -0.03152
 D76 D(23,22,24,26) -3.12677 -3.12109  3.09903
 D77 D(22,24,26,27)  0.00558 -0.00166 -0.02510
 D78 D(22,24,26,31) -3.13523 -3.14109  3.13907
 D79 D(25,24,26,27) -3.13392 -3.13578  3.10538
 D80 D(25,24,26,31)  0.00846  0.00797 -0.01364
 D81 D(24,26,27,28) -3.13169 -3.12803 -3.10505
 D82 D(24,26,27,29)  0.00678  0.00316  0.02515
 D83 D(31,26,27,28)  0.00911  0.01140  0.01397
 D84 D(31,26,27,29) -3.13560 -3.14060 -3.13902
 D85 D(26,27,29,21) -0.01199  0.00012  0.01076
 D86 D(26,27,29,30) -3.12319 -3.10764 -3.09819
 D87 D(28,27,29,21)  3.12650  3.13136  3.14105
 D88 D(28,27,29,30)  0.01529  0.02360  0.03209
