optS0 = -912.194084814
tdS0 = -912.085019841
optS1 = -912.095480965
optR1 = -912.092466161

Name     Definition     optS0     optS1     optR1
  R1         R(1,2)    1.5523    1.5435    1.5506
  R2        R(1,11)    1.5531    1.5454    1.5503
  R3        R(1,19)    1.3945    1.3946    1.3949
  R4        R(1,20)    1.3971    1.4006    1.3875
  R5         R(2,3)    1.3381    1.3387    1.3354
  R6         R(2,9)    1.3889    1.4017    1.3992
  R7         R(3,4)    1.0879    1.0881    1.0876
  R8         R(3,5)    1.4092    1.4211    1.4186
  R9         R(5,6)    1.0853    1.0863    1.0862
 R10         R(5,7)    1.3892    1.3867    1.3888
 R11         R(7,8)    1.0863    1.0856    1.0854
 R12         R(7,9)    1.4184    1.4282    1.4241
 R13        R(9,10)    1.4050    1.4230    1.4439
 R14       R(10,18)    1.4050    1.4223    1.4439
 R15       R(10,21)    1.4785    1.4717    1.4464
 R16       R(11,12)    1.3381    1.3387    1.3354
 R17       R(11,18)    1.3892    1.4038    1.3990
 R18       R(12,13)    1.0879    1.0882    1.0876
 R19       R(12,14)    1.4090    1.4206    1.4186
 R20       R(14,15)    1.0853    1.0863    1.0862
 R21       R(14,16)    1.3893    1.3868    1.3888
 R22       R(16,17)    1.0862    1.0851    1.0855
 R23       R(16,18)    1.4183    1.4286    1.4242
 R24       R(21,22)    1.4031    1.4060    1.4154
 R25       R(21,29)    1.4030    1.4055    1.4154
 R26       R(22,23)    1.0908    1.0914    1.0883
 R27       R(22,24)    1.3928    1.3924    1.3889
 R28       R(24,25)    1.0902    1.0905    1.0904
 R29       R(24,26)    1.3955    1.3960    1.3970
 R30       R(26,27)    1.3955    1.3955    1.3969
 R31       R(26,31)    1.0904    1.0904    1.0901
 R32       R(27,28)    1.0902    1.0905    1.0905
 R33       R(27,29)    1.3927    1.3928    1.3889
 R34       R(29,30)    1.0907    1.0909    1.0884
  A1      A(2,1,11)  105.8131  104.9135  102.6253
  A2      A(2,1,19)  110.2686  110.6305  110.5436
  A3      A(2,1,20)  110.3227  110.6488  110.5881
  A4     A(11,1,19)  110.6320  110.7592  110.5510
  A5     A(11,1,20)  109.8748  110.2826  110.6077
  A6     A(19,1,20)  109.8638  109.5387  111.5885
  A7       A(1,2,3)  125.8427  125.6798  128.7791
  A8       A(1,2,9)  125.9406  125.8874  122.2668
  A9       A(3,2,9)  108.2097  108.4017  108.9084
 A10       A(2,3,4)  120.6217  120.8068  120.7639
 A11       A(2,3,5)  110.1796  109.8368  109.5550
 A12       A(4,3,5)  129.1966  129.3555  129.6809
 A13       A(3,5,6)  125.7559  125.2760  125.5165
 A14       A(3,5,7)  106.6306  107.0979  107.0512
 A15       A(6,5,7)  127.6086  127.6217  127.4315
 A16       A(5,7,8)  127.5322  127.8004  127.2586
 A17       A(5,7,9)  107.0848  107.0385  107.1615
 A18       A(8,7,9)  125.3711  125.1312  125.5458
 A19       A(2,9,7)  107.8928  107.6243  107.2994
 A20      A(2,9,10)  121.0982  121.6457  119.8004
 A21      A(7,9,10)  130.8912  130.5929  132.6174
 A22     A(9,10,18)  119.7734  117.6040  111.1742
 A23     A(9,10,21)  119.9524  120.4762  124.2602
 A24    A(18,10,21)  120.2715  121.8382  124.1892
 A25     A(1,11,12)  125.5981  125.0020  128.7980
 A26     A(1,11,18)  125.8735  126.0062  122.2475
 A27    A(12,11,18)  108.1941  108.3845  108.9067
 A28    A(11,12,13)  120.6243  120.8194  120.7667
 A29    A(11,12,14)  110.1942  109.8737  109.5560
 A30    A(13,12,14)  129.1781  129.2969  129.6769
 A31    A(12,14,15)  125.7790  125.3267  125.5175
 A32    A(12,14,16)  106.6295  107.1215  107.0502
 A33    A(15,14,16)  127.5901  127.5500  127.4315
 A34    A(14,16,17)  127.4715  127.5015  127.2710
 A35    A(14,16,18)  107.0890  107.0693  107.1574
 A36    A(17,16,18)  125.4371  125.4283  125.5382
 A37    A(10,18,11)  121.0198  121.1697  119.8343
 A38    A(10,18,16)  131.0843  131.2833  132.5832
 A39    A(11,18,16)  107.8888  107.5444  107.3041
 A40    A(10,21,22)  120.1750  120.2365  121.2959
 A41    A(10,21,29)  120.3769  121.1471  121.2462
 A42    A(22,21,29)  119.4478  118.6137  117.3783
 A43    A(21,22,23)  119.6071  119.4219  119.9562
 A44    A(21,22,24)  120.1358  120.6246  121.0962
 A45    A(23,22,24)  120.2385  119.9398  118.9228
 A46    A(22,24,25)  119.6482  119.6066  119.3265
 A47    A(22,24,26)  120.1598  120.2449  120.5905
 A48    A(25,24,26)  120.1920  120.1471  120.0799
 A49    A(24,26,27)  119.9521  119.6446  119.1795
 A50    A(24,26,31)  120.0260  120.1753  120.4053
 A51    A(27,26,31)  120.0220  120.1800  120.4025
 A52    A(26,27,28)  120.1948  120.1343  120.0873
 A53    A(26,27,29)  120.1679  120.2954  120.5876
 A54    A(28,27,29)  119.6371  119.5676  119.3220
 A55    A(21,29,27)  120.1309  120.5758  121.1000
 A56    A(21,29,30)  119.6281  119.6009  119.9337
 A57    A(27,29,30)  120.2183  119.7950  118.9400
  D1    D(11,1,2,3) -172.5921 -166.0044  141.6946
  D2    D(11,1,2,9)    6.3336   16.2618  -35.5636
  D3    D(19,1,2,3)  -52.9232  -46.5191 -100.3936
  D4    D(19,1,2,9)  126.0024  135.7470   82.3481
  D5    D(20,1,2,3)   68.6123   75.0664   23.6970
  D6    D(20,1,2,9) -112.4620 -102.6675 -153.5613
  D7   D(2,1,11,12)  179.2997  171.7158 -141.7074
  D8   D(2,1,11,18)   -8.1346  -18.2714   35.4885
  D9  D(19,1,11,12)   59.8699   52.3167  100.3861
 D10  D(19,1,11,18) -127.5644 -137.6706  -82.4180
 D11  D(20,1,11,12)  -61.6083  -69.1090  -23.7236
 D12  D(20,1,11,18)  110.9574  100.9038  153.4723
 D13     D(1,2,3,4)   -0.4484    2.5003    2.5283
 D14     D(1,2,3,5)  179.0719 -177.8132 -177.2966
 D15     D(9,2,3,4) -179.5327 -179.4345 -179.9221
 D16     D(9,2,3,5)   -0.0125    0.2520    0.2530
 D17     D(1,2,9,7) -178.7665  177.9388  176.5963
 D18    D(1,2,9,10)   -2.3037   -5.8940    1.9572
 D19     D(3,2,9,7)    0.3167   -0.1213   -1.1446
 D20    D(3,2,9,10)  176.7796  176.0459 -175.7838
 D21     D(2,3,5,6) -179.5406 -179.5766 -179.5514
 D22     D(2,3,5,7)   -0.3010   -0.2880    0.7597
 D23     D(4,3,5,6)   -0.0733    0.0752    0.6440
 D24     D(4,3,5,7)  179.1663  179.3638 -179.0448
 D25     D(3,5,7,8) -178.3031 -177.8740  176.5205
 D26     D(3,5,7,9)    0.4824    0.2031   -1.4346
 D27     D(6,5,7,8)    0.9180    1.3928   -3.1606
 D28     D(6,5,7,9)  179.7034  179.4699  178.8843
 D29     D(5,7,9,2)   -0.4994   -0.0573    1.5962
 D30    D(5,7,9,10) -176.4921 -175.7596  175.2711
 D31     D(8,7,9,2)  178.3194  178.0849 -176.4035
 D32    D(8,7,9,10)    2.3267    2.3827   -2.7287
 D33   D(2,9,10,18)   -1.3526   -5.8519   35.9746
 D34   D(2,9,10,21)  179.2475  177.3727 -150.8258
 D35   D(7,9,10,18)  174.1930  169.3355 -137.0631
 D36   D(7,9,10,21)   -5.2069   -7.4399   36.1365
 D37  D(9,10,18,11)   -0.3841    3.9642  -36.0530
 D38  D(9,10,18,16)  178.5254 -175.3855  137.0397
 D39 D(21,10,18,11)  179.0139 -179.3072  150.7416
 D40 D(21,10,18,16)   -2.0766    1.3432  -36.1656
 D41  D(9,10,21,22)  -52.4454  -48.9922    5.2910
 D42  D(9,10,21,29)  127.3469  130.4050 -178.0410
 D43 D(18,10,21,22)  128.1577  134.3716  177.6200
 D44 D(18,10,21,29)  -52.0500  -46.2312   -5.7120
 D45  D(1,11,12,13)   -5.7492   -7.8238   -2.6109
 D46  D(1,11,12,14)  173.6343  171.1263  177.2035
 D47 D(18,11,12,13) -179.4130 -179.3219  179.8957
 D48 D(18,11,12,14)   -0.0295   -0.3719   -0.2899
 D49  D(1,11,18,10)    5.9216    9.8634   -1.8216
 D50  D(1,11,18,16) -173.2147 -170.6492 -176.5000
 D51 D(12,11,18,10)  179.5633 -178.7463  175.8686
 D52 D(12,11,18,16)    0.4270    0.7412    1.1903
 D53 D(11,12,14,15) -179.9971 -179.7088  179.5674
 D54 D(11,12,14,16)   -0.3853   -0.1528   -0.7462
 D55 D(13,12,14,15)   -0.6814   -0.8740   -0.6398
 D56 D(13,12,14,16)  178.9303  178.6821  179.0466
 D57 D(12,14,16,17) -178.8297 -179.0471 -176.5252
 D58 D(12,14,16,18)    0.6308    0.6008    1.4492
 D59 D(15,14,16,17)    0.7728    0.4961    3.1534
 D60 D(15,14,16,18) -179.7667 -179.8560 -178.8722
 D61 D(14,16,18,10) -179.6788  178.5891 -175.3596
 D62 D(14,16,18,11)   -0.6608   -0.8273   -1.6327
 D63 D(17,16,18,10)   -0.2043   -1.7538    2.6595
 D64 D(17,16,18,11)  178.8137  178.8299  176.3863
 D65 D(10,21,22,23)   -1.3445   -1.5745    1.2211
 D66 D(10,21,22,24) -179.7793  179.7747  179.3871
 D67 D(29,21,22,23)  178.8612  179.0132 -175.5710
 D68 D(29,21,22,24)    0.4264    0.3624    2.5950
 D69 D(10,21,29,27) -179.5150 -179.6818 -179.3856
 D70 D(10,21,29,30)   -1.2451   -1.6205   -1.2734
 D71 D(22,21,29,27)    0.2788   -0.2751   -2.5918
 D72 D(22,21,29,30)  178.5488  177.7863  175.5204
 D73 D(21,22,24,25)  179.1541  179.3936 -179.9894
 D74 D(21,22,24,26)   -0.7263   -0.1804   -0.6224
 D75 D(23,22,24,25)    0.7293    0.7497   -1.8048
 D76 D(23,22,24,26) -179.1511 -178.8243  177.5621
 D77 D(22,24,26,27)    0.3193   -0.0951   -1.4373
 D78 D(22,24,26,31) -179.6355 -179.9709  179.8564
 D79 D(25,24,26,27) -179.5605 -179.6668  177.9249
 D80 D(25,24,26,31)    0.4847    0.4574   -0.7814
 D81 D(24,26,27,28) -179.4325 -179.2210 -177.9063
 D82 D(24,26,27,29)    0.3882    0.1822    1.4405
 D83 D(31,26,27,28)    0.5224    0.6548    0.8001
 D84 D(31,26,27,29) -179.6570 -179.9420 -179.8531
 D85 D(26,27,29,21)   -0.6864    0.0056    0.6158
 D86 D(26,27,29,30) -178.9460 -178.0520 -177.5148
 D87 D(28,27,29,21)  179.1353  179.4121  179.9675
 D88 D(28,27,29,30)    0.8756    1.3545    1.8369
