optS0 = -912.192588687
tdS0  = -912.084443003
optS1 = -912.092254805
optR1 = -912.089908472

Name     Definition  -optS0_Value  -optS1_Value  -optR1_Value
  R1         R(1,2)        1.5536        1.5443        1.5521
  R2        R(1,11)        1.5545        1.5463        1.5518
  R3        R(1,19)        1.3931        1.3935        1.3929
  R4        R(1,20)        1.3956        1.3992        1.3868
  R5         R(2,3)        1.3375        1.3377        1.3348
  R6         R(2,9)        1.3886        1.4023        1.3991
  R7         R(3,4)        1.0878        1.0881        1.0875
  R8         R(3,5)        1.4096        1.4212        1.4185
  R9         R(5,6)        1.0853        1.0863        1.0862
 R10         R(5,7)        1.3889        1.3872        1.3893
 R11         R(7,8)        1.0863        1.0856        1.0854
 R12         R(7,9)        1.4186        1.4271        1.4229
 R13        R(9,10)        1.4047        1.4236        1.4446
 R14       R(10,18)        1.4047        1.4228        1.4447
 R15       R(10,21)        1.4787        1.4709        1.4440
 R16       R(11,12)        1.3375        1.3377        1.3348
 R17       R(11,18)        1.3889        1.4045        1.3989
 R18       R(12,13)        1.0879        1.0881        1.0875
 R19       R(12,14)        1.4094        1.4206        1.4185
 R20       R(14,15)        1.0853        1.0863        1.0862
 R21       R(14,16)        1.3890        1.3873        1.3894
 R22       R(16,17)        1.0862        1.0850        1.0855
 R23       R(16,18)        1.4186        1.4276        1.4229
 R24       R(21,22)        1.4029        1.4062        1.4158
 R25       R(21,29)        1.4028        1.4057        1.4158
 R26       R(22,23)        1.0908        1.0914        1.0885
 R27       R(22,24)        1.3928        1.3921        1.3885
 R28       R(24,25)        1.0902        1.0905        1.0904
 R29       R(24,26)        1.3954        1.3960        1.3971
 R30       R(26,27)        1.3954        1.3955        1.3971
 R31       R(26,31)        1.0905        1.0904        1.0901
 R32       R(27,28)        1.0902        1.0905        1.0905
 R33       R(27,29)        1.3927        1.3926        1.3885
 R34       R(29,30)        1.0908        1.0908        1.0886
  A1      A(2,1,11)      105.7058      104.7361      102.4503
  A2      A(2,1,19)      110.2418      110.6150      110.5508
  A3      A(2,1,20)      110.2913      110.6478      110.5229
  A4     A(11,1,19)      110.6087      110.7323      110.5616
  A5     A(11,1,20)      109.8364      110.2719      110.5386
  A6     A(19,1,20)      110.0767      109.7520      111.8417
  A7       A(1,2,3)      125.8077      125.6857      128.8198
  A8       A(1,2,9)      125.9665      125.8595      122.2264
  A9       A(3,2,9)      108.2209      108.4204      108.8939
 A10       A(2,3,4)      120.5726      120.7486      120.7109
 A11       A(2,3,5)      110.1823      109.8204      109.5505
 A12       A(4,3,5)      129.2430      129.4302      129.7383
 A13       A(3,5,6)      125.7587      125.3026      125.5348
 A14       A(3,5,7)      106.6241      107.1009      107.0488
 A15       A(6,5,7)      127.6120      127.5921      127.4160
 A16       A(5,7,8)      127.5613      127.8080      127.3371
 A17       A(5,7,9)      107.0710      107.0257      107.1254
 A18       A(8,7,9)      125.3550      125.1332      125.5081
 A19       A(2,9,7)      107.8993      107.6317      107.3553
 A20      A(2,9,10)      121.0900      121.6444      119.7656
 A21      A(7,9,10)      130.8888      130.5731      132.5804
 A22     A(9,10,18)      119.8109      117.5502      110.9181
 A23     A(9,10,21)      119.9276      120.4456      124.3684
 A24    A(18,10,21)      120.2584      121.9132      124.3157
 A25     A(1,11,12)      125.5548      124.9470      128.8307
 A26     A(1,11,18)      125.8966      125.9946      122.2124
 A27    A(12,11,18)      108.2047      108.4029      108.8925
 A28    A(11,12,13)      120.5751      120.7558      120.7135
 A29    A(11,12,14)      110.1975      109.8589      109.5513
 A30    A(13,12,14)      129.2239      129.3734      129.7349
 A31    A(12,14,15)      125.7817      125.3530      125.5367
 A32    A(12,14,16)      106.6228      107.1276      107.0475
 A33    A(15,14,16)      127.5942      127.5171      127.4154
 A34    A(14,16,17)      127.5015      127.4891      127.3464
 A35    A(14,16,18)      107.0755      107.0585      107.1226
 A36    A(17,16,18)      125.4205      125.4510      125.5021
 A37    A(10,18,11)      121.0092      121.1224      119.7919
 A38    A(10,18,16)      131.0897      131.3291      132.5551
 A39    A(11,18,16)      107.8950      107.5449      107.3589
 A40    A(10,21,22)      120.1748      120.2172      121.2674
 A41    A(10,21,29)      120.3881      121.1964      121.2378
 A42    A(22,21,29)      119.4367      118.5835      117.4229
 A43    A(21,22,23)      119.5693      119.3844      119.8784
 A44    A(21,22,24)      120.1444      120.6364      121.0642
 A45    A(23,22,24)      120.2682      119.9641      119.0326
 A46    A(22,24,25)      119.6514      119.6036      119.3494
 A47    A(22,24,26)      120.1610      120.2534      120.5842
 A48    A(25,24,26)      120.1874      120.1416      120.0632
 A49    A(24,26,27)      119.9437      119.6338      119.2140
 A50    A(24,26,31)      120.0299      120.1805      120.3878
 A51    A(27,26,31)      120.0264      120.1856      120.3853
 A52    A(26,27,28)      120.1883      120.1262      120.0693
 A53    A(26,27,29)      120.1692      120.3055      120.5836
 A54    A(28,27,29)      119.6422      119.5655      119.3438
 A55    A(21,29,27)      120.1394      120.5861      121.0654
 A56    A(21,29,30)      119.5938      119.5771      119.8657
 A57    A(27,29,30)      120.2444      119.8054      119.0429
  D1    D(11,1,2,3)     -172.4305     -165.2338      141.0511
  D2    D(11,1,2,9)        6.6629       17.1496      -35.8101
  D3    D(19,1,2,3)      -52.8664      -45.8916     -101.1164
  D4    D(19,1,2,9)      126.2270      136.4918       82.0224
  D5    D(20,1,2,3)       68.8979       75.9524       23.2577
  D6    D(20,1,2,9)     -112.0086     -101.6642     -153.6035
  D7   D(2,1,11,12)      179.0991      171.1115     -141.0326
  D8   D(2,1,11,18)       -8.4390      -19.2592       35.7143
  D9  D(19,1,11,12)       59.7771       51.8482      101.1426
 D10  D(19,1,11,18)     -127.7611     -138.5226      -82.1105
 D11  D(20,1,11,12)      -61.9273      -69.8210      -23.2504
 D12  D(20,1,11,18)      110.5345       99.8082      153.4965
 D13     D(1,2,3,4)       -0.3046        2.6100        2.8523
 D14     D(1,2,3,5)      179.2171     -177.6902     -176.9735
 D15     D(9,2,3,4)     -179.5321     -179.4258     -179.9539
 D16     D(9,2,3,5)       -0.0104        0.2740        0.2203
 D17     D(1,2,9,7)     -178.9156      177.8240      176.2645
 D18    D(1,2,9,10)       -2.5142       -6.1961        1.7760
 D19     D(3,2,9,7)        0.3104       -0.1357       -1.1511
 D20    D(3,2,9,10)      176.7118      175.8442     -175.6396
 D21     D(2,3,5,6)     -179.5219     -179.5928     -179.3976
 D22     D(2,3,5,7)       -0.2979       -0.3093        0.8177
 D23     D(4,3,5,6)       -0.0536        0.0732        0.7972
 D24     D(4,3,5,7)      179.1703      179.3567     -178.9875
 D25     D(3,5,7,8)     -178.2694     -177.7606      176.6072
 D26     D(3,5,7,9)        0.4754        0.2149       -1.4941
 D27     D(6,5,7,8)        0.9356        1.5015       -3.1722
 D28     D(6,5,7,9)      179.6805      179.4769      178.7265
 D29     D(5,7,9,2)       -0.4913       -0.0563        1.6378
 D30    D(5,7,9,10)     -176.4141     -175.5497      175.1363
 D31     D(8,7,9,2)      178.2888      177.9878     -176.5078
 D32    D(8,7,9,10)        2.3659        2.4944       -3.0092
 D33   D(2,9,10,18)       -1.3619       -6.2424       36.5993
 D34   D(2,9,10,21)      179.2677      177.1589     -150.3849
 D35   D(7,9,10,18)      174.1066      168.7113     -136.2489
 D36   D(7,9,10,21)       -5.2638       -7.8874       36.7670
 D37  D(9,10,18,11)       -0.3507        4.2664      -36.6976
 D38  D(9,10,18,16)      178.6416     -174.9450      136.2068
 D39 D(21,10,18,11)      179.0176     -179.1881      150.2822
 D40 D(21,10,18,16)       -1.9901        1.6005      -36.8135
 D41  D(9,10,21,22)      -52.6733      -48.7172        5.4002
 D42  D(9,10,21,29)      127.1133      130.6549     -177.7638
 D43 D(18,10,21,22)      127.9591      134.8356      177.4960
 D44 D(18,10,21,29)      -52.2542      -45.7923       -5.6679
 D45  D(1,11,12,13)       -5.8295       -8.0910       -2.9731
 D46  D(1,11,12,14)      173.5466      170.7666      176.8383
 D47 D(18,11,12,13)     -179.4063     -179.2614      179.9357
 D48 D(18,11,12,14)       -0.0302       -0.4037       -0.2529
 D49  D(1,11,18,10)        6.0815       10.3514       -1.5989
 D50  D(1,11,18,16)     -173.1204     -170.2696     -176.1283
 D51 D(12,11,18,10)      179.6306     -178.5950      175.7231
 D52 D(12,11,18,16)        0.4287        0.7840        1.1937
 D53 D(11,12,14,15)     -179.9902     -179.6334      179.4053
 D54 D(11,12,14,16)       -0.3858       -0.1438       -0.8082
 D55 D(13,12,14,15)       -0.6837       -0.9034       -0.8055
 D56 D(13,12,14,16)      178.9207      178.5862      178.9810
 D57 D(12,14,16,17)     -178.8154     -178.9774     -176.6050
 D58 D(12,14,16,18)        0.6321        0.6185        1.5108
 D59 D(15,14,16,17)        0.7796        0.4978        3.1762
 D60 D(15,14,16,18)     -179.7730     -179.9063     -178.7080
 D61 D(14,16,18,10)     -179.7551      178.4284     -175.2250
 D62 D(14,16,18,11)       -0.6627       -0.8636       -1.6738
 D63 D(17,16,18,10)       -0.2931       -1.9652        2.9351
 D64 D(17,16,18,11)      178.7993      178.7428      176.4863
 D65 D(10,21,22,23)       -1.3293       -1.6166        1.3281
 D66 D(10,21,22,24)     -179.7833      179.7951      179.4962
 D67 D(29,21,22,23)      178.8820      178.9950     -175.6243
 D68 D(29,21,22,24)        0.4281        0.4067        2.5438
 D69 D(10,21,29,27)     -179.5194     -179.6692     -179.4931
 D70 D(10,21,29,30)       -1.2332       -1.7092       -1.3652
 D71 D(22,21,29,27)        0.2688       -0.2871       -2.5398
 D72 D(22,21,29,30)      178.5550      177.6729      175.5882
 D73 D(21,22,24,25)      179.1535      179.3423     -179.9533
 D74 D(21,22,24,26)       -0.7198       -0.2200       -0.6019
 D75 D(23,22,24,25)        0.7104        0.7621       -1.7699
 D76 D(23,22,24,26)     -179.1628     -178.8001      177.5815
 D77 D(22,24,26,27)        0.3127       -0.0935       -1.4251
 D78 D(22,24,26,31)     -179.6405     -179.9605      179.8707
 D79 D(25,24,26,27)     -179.5598     -179.6534      177.9216
 D80 D(25,24,26,31)        0.4869        0.4796       -0.7825
 D81 D(24,26,27,28)     -179.4260     -179.1741     -177.9065
 D82 D(24,26,27,29)        0.3863        0.2129        1.4292
 D83 D(31,26,27,28)        0.5273        0.6928        0.7977
 D84 D(31,26,27,29)     -179.6604     -179.9201     -179.8666
 D85 D(26,27,29,21)       -0.6763       -0.0197        0.5937
 D86 D(26,27,29,30)     -178.9512     -177.9751     -177.5494
 D87 D(28,27,29,21)      179.1370      179.3707      179.9341
 D88 D(28,27,29,30)        0.8621        1.4153        1.7910
