optS0 = -912.192588687
tdS0 = -912.084443003
optS1 = -912.092254805
optR1 = -912.089908472

Name     Definition    optS0    optS1    optR1
  R1         R(1,2)  2.93595  2.91825  2.93301
  R2        R(1,11)  2.93764  2.92201  2.93252
  R3        R(1,19)  2.63259  2.63327  2.63228
  R4        R(1,20)  2.63732  2.64403  2.62064
  R5         R(2,3)  2.52742  2.52797  2.52237
  R6         R(2,9)  2.62398  2.64997  2.64387
  R7         R(3,4)  2.05569  2.05613  2.05511
  R8         R(3,5)  2.66373  2.68565  2.68062
  R9         R(5,6)  2.05093  2.05278  2.05254
 R10         R(5,7)  2.62469  2.62142  2.62549
 R11         R(7,8)  2.05275  2.05147  2.05119
 R12         R(7,9)  2.68075  2.69675  2.68888
 R13        R(9,10)  2.65458  2.69019  2.72983
 R14       R(10,18)  2.65455  2.68869  2.73004
 R15       R(10,21)  2.79438  2.77954  2.72885
 R16       R(11,12)  2.52748  2.52795  2.52247
 R17       R(11,18)  2.62466  2.65417  2.64363
 R18       R(12,13)  2.05576  2.05625  2.05515
 R19       R(12,14)  2.66347  2.68459  2.68056
 R20       R(14,15)  2.05095  2.05279  2.05258
 R21       R(14,16)  2.62478  2.62165  2.62551
 R22       R(16,17)  2.05260  2.05039  2.05131
 R23       R(16,18)  2.68069  2.69773  2.68894
 R24       R(21,22)  2.65108  2.65738  2.67546
 R25       R(21,29)  2.65097  2.65644  2.67556
 R26       R(22,23)  2.06136  2.06242  2.05700
 R27       R(22,24)  2.63196  2.63078  2.62395
 R28       R(24,25)  2.06022  2.06077  2.06065
 R29       R(24,26)  2.63688  2.63799  2.64017
 R30       R(26,27)  2.63688  2.63703  2.64005
 R31       R(26,31)  2.06066  2.06054  2.05996
 R32       R(27,28)  2.06021  2.06077  2.06070
 R33       R(27,29)  2.63189  2.63168  2.62394
 R34       R(29,30)  2.06122  2.06140  2.05710
  A1      A(2,1,11)  1.84491  1.82799  1.78809
  A2      A(2,1,19)  1.92408  1.93060  1.92948
  A3      A(2,1,20)  1.92495  1.93117  1.92899
  A4     A(11,1,19)  1.93049  1.93264  1.92966
  A5     A(11,1,20)  1.91701  1.92461  1.92926
  A6     A(19,1,20)  1.92120  1.91553  1.95201
  A7       A(1,2,3)  2.19576  2.19363  2.24833
  A8       A(1,2,9)  2.19853  2.19666  2.13325
  A9       A(3,2,9)  1.88881  1.89229  1.90056
 A10       A(2,3,4)  2.10439  2.10746  2.10680
 A11       A(2,3,5)  1.92304  1.91673  1.91202
 A12       A(4,3,5)  2.25572  2.25898  2.26436
 A13       A(3,5,6)  2.19490  2.18694  2.19099
 A14       A(3,5,7)  1.86094  1.86926  1.86835
 A15       A(6,5,7)  2.22725  2.22690  2.22383
 A16       A(5,7,8)  2.22636  2.23067  2.22245
 A17       A(5,7,9)  1.86874  1.86795  1.86969
 A18       A(8,7,9)  2.18786  2.18399  2.19053
 A19       A(2,9,7)  1.88320  1.87853  1.87370
 A20      A(2,9,10)  2.11342  2.12310  2.09030
 A21      A(7,9,10)  2.28444  2.27893  2.31396
 A22     A(9,10,18)  2.09110  2.05164  1.93589
 A23     A(9,10,21)  2.09313  2.10217  2.17064
 A24    A(18,10,21)  2.09891  2.12779  2.16972
 A25     A(1,11,12)  2.19135  2.18074  2.24852
 A26     A(1,11,18)  2.19731  2.19902  2.13301
 A27    A(12,11,18)  1.88853  1.89199  1.90053
 A28    A(11,12,13)  2.10443  2.10759  2.10685
 A29    A(11,12,14)  1.92331  1.91740  1.91203
 A30    A(13,12,14)  2.25538  2.25799  2.26430
 A31    A(12,14,15)  2.19530  2.18782  2.19103
 A32    A(12,14,16)  1.86092  1.86973  1.86833
 A33    A(15,14,16)  2.22694  2.22559  2.22382
 A34    A(14,16,17)  2.22532  2.22510  2.22261
 A35    A(14,16,18)  1.86882  1.86852  1.86964
 A36    A(17,16,18)  2.18900  2.18953  2.19042
 A37    A(10,18,11)  2.11201  2.11398  2.09076
 A38    A(10,18,16)  2.28795  2.29213  2.31352
 A39    A(11,18,16)  1.88312  1.87701  1.87377
 A40    A(10,21,22)  2.09745  2.09818  2.11652
 A41    A(10,21,29)  2.10117  2.11528  2.11600
 A42    A(22,21,29)  2.08456  2.06967  2.04942
 A43    A(21,22,23)  2.08688  2.08365  2.09227
 A44    A(21,22,24)  2.09692  2.10550  2.11297
 A45    A(23,22,24)  2.09908  2.09377  2.07751
 A46    A(22,24,25)  2.08831  2.08748  2.08304
 A47    A(22,24,26)  2.09721  2.09882  2.10459
 A48    A(25,24,26)  2.09767  2.09687  2.09550
 A49    A(24,26,27)  2.09341  2.08800  2.08068
 A50    A(24,26,31)  2.09492  2.09755  2.10116
 A51    A(27,26,31)  2.09486  2.09763  2.10112
 A52    A(26,27,28)  2.09768  2.09660  2.09561
 A53    A(26,27,29)  2.09735  2.09973  2.10458
 A54    A(28,27,29)  2.08815  2.08681  2.08294
 A55    A(21,29,27)  2.09683  2.10462  2.11299
 A56    A(21,29,30)  2.08731  2.08702  2.09205
 A57    A(27,29,30)  2.09866  2.09100  2.07769
  D1    D(11,1,2,3) -3.00945 -2.88387  2.46181
  D2    D(11,1,2,9)  0.11633  0.29932 -0.62500
  D3    D(19,1,2,3) -0.92267 -0.80096 -1.76481
  D4    D(19,1,2,9)  2.20312  2.38223  1.43156
  D5    D(20,1,2,3)  1.20252  1.32562  0.40592
  D6    D(20,1,2,9) -1.95488 -1.77438 -2.68088
  D7   D(2,1,11,12)  3.12584  2.98646 -2.46149
  D8   D(2,1,11,18) -0.14733 -0.33614  0.62333
  D9  D(19,1,11,12)  1.04328  0.90492  1.76527
 D10  D(19,1,11,18) -2.22990 -2.41767 -1.43310
 D11  D(20,1,11,12) -1.08086 -1.21861 -0.40580
 D12  D(20,1,11,18)  1.92915  1.74198  2.67902
 D13     D(1,2,3,4) -0.00530  0.04555  0.04978
 D14     D(1,2,3,5)  3.12794 -3.10128 -3.08877
 D15     D(9,2,3,4) -3.13343 -3.13157 -3.14079
 D16     D(9,2,3,5) -0.00018  0.00478  0.00384
 D17     D(1,2,9,7) -3.12268  3.10362  3.07639
 D18    D(1,2,9,10) -0.04390 -0.10814  0.03100
 D19     D(3,2,9,7)  0.00542 -0.00237 -0.02009
 D20    D(3,2,9,10)  3.08419  3.06906 -3.06549
 D21     D(2,3,5,6) -3.13325 -3.13449 -3.13108
 D22     D(2,3,5,7) -0.00520 -0.00540  0.01428
 D23     D(4,3,5,6) -0.00093  0.00128  0.01391
 D24     D(4,3,5,7)  3.12711  3.13036 -3.12392
 D25     D(3,5,7,8) -3.11139 -3.10251  3.08238
 D26     D(3,5,7,9)  0.00830  0.00375 -0.02608
 D27     D(6,5,7,8)  0.01633  0.02621 -0.05536
 D28     D(6,5,7,9)  3.13601  3.13246  3.11936
 D29     D(5,7,9,2) -0.00857 -0.00098  0.02859
 D30    D(5,7,9,10) -3.07900 -3.06392  3.05671
 D31     D(8,7,9,2)  3.11172  3.10647 -3.08064
 D32    D(8,7,9,10)  0.04130  0.04354 -0.05252
 D33   D(2,9,10,18) -0.02377 -0.10895  0.63878
 D34   D(2,9,10,21)  3.12881  3.09201 -2.62471
 D35   D(7,9,10,18)  3.03872  2.94456 -2.37799
 D36   D(7,9,10,21) -0.09188 -0.13766  0.64171
 D37  D(9,10,18,11) -0.00612  0.07446 -0.64049
 D38  D(9,10,18,16)  3.11790 -3.05336  2.37726
 D39 D(21,10,18,11)  3.12445 -3.12742  2.62292
 D40 D(21,10,18,16) -0.03472  0.02794 -0.64251
 D41  D(9,10,21,22) -0.91932 -0.85027  0.09425
 D42  D(9,10,21,29)  2.21855  2.28035 -3.10257
 D43 D(18,10,21,22)  2.23331  2.35333  3.09789
 D44 D(18,10,21,29) -0.91200 -0.79923 -0.09893
 D45  D(1,11,12,13) -0.10176 -0.14121 -0.05189
 D46  D(1,11,12,14)  3.02895  2.98044  3.08641
 D47 D(18,11,12,13) -3.13123 -3.12870  3.14047
 D48 D(18,11,12,14) -0.00053 -0.00705 -0.00442
 D49  D(1,11,18,10)  0.10617  0.18066 -0.02791
 D50  D(1,11,18,16) -3.02151 -2.97177 -3.07402
 D51 D(12,11,18,10)  3.13516 -3.11707  3.06695
 D52 D(12,11,18,16)  0.00748  0.01368  0.02083
 D53 D(11,12,14,15) -3.14142 -3.13519  3.13121
 D54 D(11,12,14,16) -0.00673 -0.00251 -0.01410
 D55 D(13,12,14,15) -0.01193 -0.01577 -0.01406
 D56 D(13,12,14,16)  3.12276  3.11692  3.12381
 D57 D(12,14,16,17) -3.12092 -3.12375 -3.08234
 D58 D(12,14,16,18)  0.01103  0.01079  0.02637
 D59 D(15,14,16,17)  0.01361  0.00869  0.05544
 D60 D(15,14,16,18) -3.13763 -3.13996 -3.11904
 D61 D(14,16,18,10) -3.13733  3.11416 -3.05825
 D62 D(14,16,18,11) -0.01157 -0.01507 -0.02921
 D63 D(17,16,18,10) -0.00513 -0.03430  0.05123
 D64 D(17,16,18,11)  3.12064  3.11965  3.08027
 D65 D(10,21,22,23) -0.02320 -0.02822  0.02318
 D66 D(10,21,22,24) -3.13781  3.13801  3.13280
 D67 D(29,21,22,23)  3.12208  3.12406 -3.06522
 D68 D(29,21,22,24)  0.00747  0.00710  0.04440
 D69 D(10,21,29,27) -3.13320 -3.13581 -3.13275
 D70 D(10,21,29,30) -0.02153 -0.02983 -0.02383
 D71 D(22,21,29,27)  0.00469 -0.00501 -0.04433
 D72 D(22,21,29,30)  3.11637  3.10097  3.06459
 D73 D(21,22,24,25)  3.12682  3.13011 -3.14078
 D74 D(21,22,24,26) -0.01256 -0.00384 -0.01051
 D75 D(23,22,24,25)  0.01240  0.01330 -0.03089
 D76 D(23,22,24,26) -3.12698 -3.12066  3.09938
 D77 D(22,24,26,27)  0.00546 -0.00163 -0.02487
 D78 D(22,24,26,31) -3.13532 -3.14090  3.13934
 D79 D(25,24,26,27) -3.13391 -3.13555  3.10532
 D80 D(25,24,26,31)  0.00850  0.00837 -0.01366
 D81 D(24,26,27,28) -3.13157 -3.12718 -3.10505
 D82 D(24,26,27,29)  0.00674  0.00372  0.02494
 D83 D(31,26,27,28)  0.00920  0.01209  0.01392
 D84 D(31,26,27,29) -3.13567 -3.14020 -3.13926
 D85 D(26,27,29,21) -0.01180 -0.00034  0.01036
 D86 D(26,27,29,30) -3.12329 -3.10625 -3.09882
 D87 D(28,27,29,21)  3.12653  3.13061  3.14044
 D88 D(28,27,29,30)  0.01505  0.02470  0.03126
