optS0 = -1603.15439809
tdS0  = -1603.06434903
optS1 = -1603.07368016
optR1 = -1603.06742197

Name     Definition  -optS0_Value  -optS1_Value  -optR1_Value
  R1         R(1,2)        1.3347        1.3339        1.3307
  R2         R(1,5)        1.3894        1.4107        1.4084
  R3        R(1,19)        1.5544        1.5428        1.5440
  R4         R(2,3)        1.4177        1.4221        1.4219
  R5        R(2,21)        1.0882        1.0876        1.0871
  R6         R(3,4)        1.3958        1.4136        1.4136
  R7        R(3,30)        1.4709        1.4501        1.4516
  R8         R(4,5)        1.4153        1.4026        1.4008
  R9        R(4,22)        1.0863        1.0844        1.0842
 R10        R(5,12)        1.4055        1.4224        1.4439
 R11         R(6,7)        1.3927        1.3924        1.3896
 R12        R(6,11)        1.4031        1.4066        1.4163
 R13        R(6,23)        1.0908        1.0912        1.0867
 R14         R(7,8)        1.3954        1.3960        1.3962
 R15        R(7,24)        1.0902        1.0907        1.0906
 R16         R(8,9)        1.3955        1.3956        1.3961
 R17        R(8,25)        1.0904        1.0904        1.0901
 R18        R(9,10)        1.3927        1.3929        1.3896
 R19        R(9,26)        1.0902        1.0907        1.0907
 R20       R(10,11)        1.4030        1.4063        1.4162
 R21       R(10,27)        1.0907        1.0907        1.0867
 R22       R(11,12)        1.4783        1.4726        1.4545
 R23       R(12,13)        1.4054        1.4230        1.4437
 R24       R(13,14)        1.4153        1.4021        1.4009
 R25       R(13,17)        1.3886        1.4090        1.4082
 R26       R(14,15)        1.3958        1.4135        1.4134
 R27       R(14,28)        1.0865        1.0851        1.0843
 R28       R(15,16)        1.4178        1.4229        1.4219
 R29       R(15,40)        1.4709        1.4499        1.4518
 R30       R(16,17)        1.3347        1.3336        1.3309
 R31       R(16,29)        1.0881        1.0875        1.0871
 R32       R(17,19)        1.5530        1.5412        1.5438
 R33       R(18,19)        1.3920        1.3956        1.3899
 R34       R(19,20)        1.3962        1.4027        1.3971
 R35       R(30,31)        1.4062        1.4138        1.4130
 R36       R(30,32)        1.3985        1.4079        1.4070
 R37       R(31,33)        1.3854        1.3806        1.3810
 R38       R(31,36)        1.0912        1.0902        1.0902
 R39       R(32,34)        1.3956        1.3888        1.3895
 R40       R(32,37)        1.0913        1.0903        1.0904
 R41       R(33,35)        1.4031        1.4073        1.4068
 R42       R(33,38)        1.0902        1.0900        1.0900
 R43       R(34,35)        1.3983        1.4033        1.4027
 R44       R(34,39)        1.0885        1.0881        1.0882
 R45       R(35,50)        1.3554        1.3462        1.3471
 R46       R(40,41)        1.4062        1.4139        1.4129
 R47       R(40,42)        1.3986        1.4080        1.4069
 R48       R(41,43)        1.3855        1.3805        1.3810
 R49       R(41,46)        1.0912        1.0902        1.0903
 R50       R(42,44)        1.3955        1.3888        1.3896
 R51       R(42,47)        1.0913        1.0902        1.0904
 R52       R(43,45)        1.4030        1.4073        1.4068
 R53       R(43,48)        1.0902        1.0900        1.0900
 R54       R(44,45)        1.3984        1.4034        1.4027
 R55       R(44,49)        1.0884        1.0881        1.0882
 R56       R(45,55)        1.3555        1.3461        1.3472
 R57       R(50,51)        1.4168        1.4200        1.4198
 R58       R(51,52)        1.0947        1.0942        1.0942
 R59       R(51,53)        1.1013        1.1005        1.1005
 R60       R(51,54)        1.1013        1.1005        1.1006
 R61       R(55,56)        1.4168        1.4201        1.4197
 R62       R(56,57)        1.0947        1.0942        1.0942
 R63       R(56,58)        1.1013        1.1005        1.1006
 R64       R(56,59)        1.1013        1.1005        1.1006
  A1       A(2,1,5)      108.2633      108.7775      109.3923
  A2      A(2,1,19)      125.5420      124.8713      127.8755
  A3      A(5,1,19)      125.5956      125.5752      122.7321
  A4       A(1,2,3)      110.5744      109.9840      109.6336
  A5      A(1,2,21)      120.4165      120.3224      120.2865
  A6      A(3,2,21)      128.9871      129.6609      130.0718
  A7       A(2,3,4)      105.7193      105.9718      105.9323
  A8      A(2,3,30)      126.0962      125.8066      125.9139
  A9      A(4,3,30)      128.1819      128.2195      128.1533
 A10       A(3,4,5)      107.5922      107.7037      107.9469
 A11      A(3,4,22)      127.2210      127.0350      126.2870
 A12      A(5,4,22)      125.1836      125.2560      125.5617
 A13       A(1,5,4)      107.8442      107.5435      107.0939
 A14      A(1,5,12)      120.8588      120.5438      119.4457
 A15      A(4,5,12)      131.2969      131.8975      133.0350
 A16      A(7,6,11)      120.1438      120.7999      121.4598
 A17      A(7,6,23)      120.2664      119.9270      118.4309
 A18     A(11,6,23)      119.5722      119.2610      120.0708
 A19       A(6,7,8)      120.1533      120.2900      120.7330
 A20      A(6,7,24)      119.6533      119.5896      119.1601
 A21      A(8,7,24)      120.1933      120.1187      120.1021
 A22       A(7,8,9)      119.9561      119.5107      118.8136
 A23      A(7,8,25)      120.0201      120.2488      120.5832
 A24      A(9,8,25)      120.0237      120.2403      120.5838
 A25      A(8,9,10)      120.1682      120.3423      120.7359
 A26      A(8,9,26)      120.1856      120.1046      120.1035
 A27     A(10,9,26)      119.6458      119.5501      119.1559
 A28     A(9,10,11)      120.1308      120.7451      121.4586
 A29     A(9,10,27)      120.2189      119.7648      118.4331
 A30    A(11,10,27)      119.6276      119.4645      120.0703
 A31     A(6,11,10)      119.4421      118.3104      116.6856
 A32     A(6,11,12)      120.0960      120.3784      121.5779
 A33    A(10,11,12)      120.4615      121.3084      121.6271
 A34     A(5,12,11)      120.3151      121.4680      123.1571
 A35     A(5,12,13)      119.8691      118.3623      113.6037
 A36    A(11,12,13)      119.8110      120.0797      123.1000
 A37    A(12,13,14)      130.9823      131.1689      132.9957
 A38    A(12,13,17)      120.9964      120.9958      119.4785
 A39    A(14,13,17)      107.8511      107.6301      107.0940
 A40    A(13,14,15)      107.5818      107.6638      107.9476
 A41    A(13,14,28)      125.0922      124.9458      125.5689
 A42    A(15,14,28)      127.2757      127.3049      126.2635
 A43    A(14,15,16)      105.7279      105.9606      105.9359
 A44    A(14,15,40)      128.0919      128.2291      128.0988
 A45    A(16,15,40)      126.1793      125.8096      125.9649
 A46    A(15,16,17)      110.5368      109.9394      109.6286
 A47    A(15,16,29)      129.0562      129.7229      130.0623
 A48    A(17,16,29)      120.4051      120.3337      120.2984
 A49    A(13,17,16)      108.3012      108.8024      109.3931
 A50    A(13,17,19)      125.7190      125.4896      122.7128
 A51    A(16,17,19)      125.9650      125.5979      127.8938
 A52     A(1,19,17)      105.5943      104.9147      102.5438
 A53     A(1,19,18)      110.6999      110.8485      110.7241
 A54     A(1,19,20)      109.7434      110.2672      110.6407
 A55    A(17,19,18)      110.3776      110.7746      110.7196
 A56    A(17,19,20)      110.1722      110.5318      110.6912
 A57    A(18,19,20)      110.1638      109.4417      111.2182
 A58     A(3,30,31)      120.8392      120.8532      120.9436
 A59     A(3,30,32)      121.3479      121.5590      121.4540
 A60    A(31,30,32)      117.8128      117.5876      117.6022
 A61    A(30,31,33)      121.1414      121.2021      121.1985
 A62    A(30,31,36)      119.8444      119.7906      119.8201
 A63    A(33,31,36)      119.0086      119.0066      118.9801
 A64    A(30,32,34)      121.7258      121.8127      121.8114
 A65    A(30,32,37)      119.9457      119.9325      119.9388
 A66    A(34,32,37)      118.3221      118.2528      118.2486
 A67    A(31,33,35)      120.3565      120.3186      120.3296
 A68    A(31,33,38)      121.2083      121.3621      121.3378
 A69    A(35,33,38)      118.4335      118.3193      118.3324
 A70    A(32,34,35)      119.5959      119.5614      119.5626
 A71    A(32,34,39)      119.1772      119.3246      119.2872
 A72    A(35,34,39)      121.2255      121.1139      121.1502
 A73    A(33,35,34)      119.3670      119.5175      119.4955
 A74    A(33,35,50)      116.0108      115.9720      115.9649
 A75    A(34,35,50)      124.6222      124.5105      124.5395
 A76    A(15,40,41)      120.7650      120.8120      120.9055
 A77    A(15,40,42)      121.4217      121.5965      121.4806
 A78    A(41,40,42)      117.8133      117.5914      117.6136
 A79    A(40,41,43)      121.1504      121.2026      121.1977
 A80    A(40,41,46)      119.7971      119.7592      119.8041
 A81    A(43,41,46)      119.0464      119.0369      118.9962
 A82    A(40,42,44)      121.7150      121.8067      121.7996
 A83    A(40,42,47)      119.9624      119.9374      119.9349
 A84    A(44,42,47)      118.3160      118.2543      118.2631
 A85    A(41,43,45)      120.3462      120.3138      120.3225
 A86    A(41,43,48)      121.2137      121.3691      121.3416
 A87    A(45,43,48)      118.4381      118.3169      118.3357
 A88    A(42,44,45)      119.6063      119.5637      119.5637
 A89    A(42,44,49)      119.1761      119.3261      119.2882
 A90    A(45,44,49)      121.2163      121.1100      121.1479
 A91    A(43,45,44)      119.3681      119.5218      119.5026
 A92    A(43,45,55)      116.0211      115.9707      115.9600
 A93    A(44,45,55)      124.6108      124.5076      124.5374
 A94    A(35,50,51)      117.3304      117.7865      117.7435
 A95    A(50,51,52)      106.1354      105.9758      105.9882
 A96    A(50,51,53)      111.1859      110.9797      110.9987
 A97    A(50,51,54)      111.1877      110.9821      110.9930
 A98    A(52,51,53)      109.4730      109.6325      109.6112
 A99    A(52,51,54)      109.4878      109.6312      109.6216
A100    A(53,51,54)      109.3095      109.5737      109.5622
A101    A(45,55,56)      117.3254      117.7928      117.7323
A102    A(55,56,57)      106.1363      105.9730      105.9971
A103    A(55,56,58)      111.1868      110.9791      110.9928
A104    A(55,56,59)      111.1899      110.9782      110.9965
A105    A(57,56,58)      109.4855      109.6296      109.6245
A106    A(57,56,59)      109.4717      109.6326      109.6165
A107    A(58,56,59)      109.3090      109.5820      109.5486
  D1     D(5,1,2,3)        0.0157       -0.7073        0.0472
  D2    D(5,1,2,21)     -178.4248     -178.8204     -179.0188
  D3    D(19,1,2,3)      171.5245      169.6557      179.8896
  D4   D(19,1,2,21)       -6.9160       -8.4573        0.8236
  D5     D(2,1,5,4)        0.4809        1.3216       -0.2369
  D6    D(2,1,5,12)     -179.5708     -177.4200     -173.7023
  D7    D(19,1,5,4)     -171.0222     -168.9568      179.9109
  D8   D(19,1,5,12)        8.9262       12.3017        6.4456
  D9   D(2,1,19,17)      176.5636      168.9133      142.9806
 D10   D(2,1,19,18)       57.0966       49.2954       24.8358
 D11   D(2,1,19,20)      -64.7149      -72.0570      -98.9454
 D12   D(5,1,19,17)      -13.3662      -22.3236      -37.1961
 D13   D(5,1,19,18)     -132.8332     -141.9414     -155.3409
 D14   D(5,1,19,20)      105.3553       96.7062       80.8780
 D15     D(1,2,3,4)       -0.5073       -0.1728        0.1583
 D16    D(1,2,3,30)     -179.9585     -179.6774     -179.6030
 D17    D(21,2,3,4)      177.7624      177.7113      179.1043
 D18   D(21,2,3,30)       -1.6887       -1.7933       -0.6570
 D19     D(2,3,4,5)        0.7822        0.9834       -0.3013
 D20    D(2,3,4,22)     -179.8411     -179.8230      174.7154
 D21    D(30,3,4,5)     -179.7820     -179.5280      179.4529
 D22   D(30,3,4,22)       -0.4053       -0.3345       -5.5304
 D23   D(2,3,30,31)      160.3370      174.6380      175.0971
 D24   D(2,3,30,32)      -19.7342       -5.5212       -5.0344
 D25   D(4,3,30,31)      -18.9908       -4.7558       -4.6110
 D26   D(4,3,30,32)      160.9379      175.0851      175.2574
 D27     D(3,4,5,1)       -0.7951       -1.4113        0.3319
 D28    D(3,4,5,12)      179.2639      177.1326      172.5395
 D29    D(22,4,5,1)      179.8123      179.3771     -174.7305
 D30   D(22,4,5,12)       -0.1287       -2.0790       -2.5228
 D31   D(1,5,12,11)      179.0722     -179.8279     -154.4666
 D32   D(1,5,12,13)       -0.1285        3.6207       29.7061
 D33   D(4,5,12,11)       -0.9932        1.7842       34.0918
 D34   D(4,5,12,13)      179.8061     -174.7672     -141.7355
 D35    D(11,6,7,8)       -0.7435       -0.1356        0.8872
 D36   D(11,6,7,24)      179.1374      179.3962     -179.9141
 D37    D(23,6,7,8)     -179.2081     -178.8621     -176.8577
 D38   D(23,6,7,24)        0.6727        0.6697        2.3411
 D39   D(7,6,11,10)        0.5262        0.4225       -3.3915
 D40   D(7,6,11,12)     -179.7222      179.8277     -179.6472
 D41  D(23,6,11,10)      179.0015      179.1574      174.3169
 D42  D(23,6,11,12)       -1.2469       -1.4375       -1.9388
 D43     D(6,7,8,9)        0.2699       -0.1881        1.7573
 D44    D(6,7,8,25)     -179.6645      179.9738     -179.8322
 D45    D(24,7,8,9)     -179.6103     -179.7174     -177.4339
 D46   D(24,7,8,25)        0.4553        0.4445        0.9765
 D47    D(7,8,9,10)        0.4206        0.2158       -1.7618
 D48    D(7,8,9,26)     -179.3785     -179.1437      177.4481
 D49   D(25,8,9,10)     -179.6449     -179.9461      179.8278
 D50   D(25,8,9,26)        0.5560        0.6944       -0.9624
 D51   D(8,9,10,11)       -0.6354        0.0799       -0.8782
 D52   D(8,9,10,27)     -178.8954     -178.0701      176.8800
 D53  D(26,9,10,11)      179.1648      179.4429      179.9046
 D54  D(26,9,10,27)        0.9047        1.2930       -2.3373
 D55   D(9,10,11,6)        0.1623       -0.3946        3.3870
 D56  D(9,10,11,12)     -179.5884     -179.7939      179.6407
 D57  D(27,10,11,6)      178.4326      177.7609     -174.3349
 D58 D(27,10,11,12)       -1.3181       -1.6385        1.9187
 D59   D(6,11,12,5)      128.3549      134.7787     -179.8539
 D60  D(6,11,12,13)      -52.4440      -48.7283       -4.4190
 D61  D(10,11,12,5)      -51.8960      -45.8342        4.0754
 D62 D(10,11,12,13)      127.3051      130.6588      179.5103
 D63  D(5,12,13,14)      173.0465      168.8874      141.7323
 D64  D(5,12,13,17)       -1.5968       -5.2193      -29.6470
 D65 D(11,12,13,14)       -6.1582       -7.7135      -34.0978
 D66 D(11,12,13,17)      179.1984      178.1799      154.5230
 D67 D(12,13,14,15)     -175.5130     -174.2074     -172.4229
 D68 D(12,13,14,28)        2.0610        2.6346        2.4544
 D69 D(17,13,14,15)       -0.3357        0.4936       -0.2694
 D70 D(17,13,14,28)      177.2383      177.3356      174.6079
 D71 D(12,13,17,16)      175.9849      174.7158      173.5947
 D72 D(12,13,17,19)       -5.3459       -8.9306       -6.5788
 D73 D(14,13,17,16)        0.2310       -0.6324        0.1810
 D74 D(14,13,17,19)      178.9001      175.7213     -179.9925
 D75 D(13,14,15,16)        0.3043       -0.1867        0.2550
 D76 D(13,14,15,40)      179.9815      179.5224     -179.5039
 D77 D(28,14,15,16)     -177.2011     -176.9323     -174.5770
 D78 D(28,14,15,40)        2.4761        2.7768        5.6641
 D79 D(14,15,16,17)       -0.1695       -0.2085       -0.1463
 D80 D(14,15,16,29)     -179.6689     -179.4663     -178.9354
 D81 D(40,15,16,17)     -179.8547     -179.9267      179.6193
 D82 D(40,15,16,29)        0.6458        0.8155        0.8302
 D83 D(14,15,40,41)       19.8630        5.2622        6.0374
 D84 D(14,15,40,42)     -160.0133     -174.6013     -173.7507
 D85 D(16,15,40,41)     -160.5219     -175.0827     -173.6762
 D86 D(16,15,40,42)       19.6017        5.0539        6.5358
 D87 D(15,16,17,13)       -0.0387        0.5208       -0.0201
 D88 D(15,16,17,19)     -178.7038     -175.8279     -179.8351
 D89 D(29,16,17,13)      179.5106      179.8594      178.9065
 D90 D(29,16,17,19)        0.8455        3.5107       -0.9085
 D91  D(13,17,19,1)       11.5813       20.5931       37.2620
 D92 D(13,17,19,18)      131.2612      140.2603      155.4100
 D93 D(13,17,19,20)     -106.8543      -98.2587      -80.7764
 D94  D(16,17,19,1)     -169.9798     -163.6530     -142.9454
 D95 D(16,17,19,18)      -50.3000      -43.9858      -24.7974
 D96 D(16,17,19,20)       71.5845       77.4952       99.0162
 D97  D(3,30,31,33)      179.8505      179.8981      179.7385
 D98  D(3,30,31,36)       -1.0164       -0.4124       -0.6879
 D99 D(32,30,31,33)       -0.0807        0.0511       -0.1349
D100 D(32,30,31,36)      179.0523      179.7405      179.4387
D101  D(3,30,32,34)      179.9150     -179.8621     -179.7441
D102  D(3,30,32,37)       -1.0223       -0.3766       -0.1600
D103 D(31,30,32,34)       -0.1542       -0.0162        0.1286
D104 D(31,30,32,37)      178.9085      179.4693      179.7127
D105 D(30,31,33,35)        0.2271       -0.0492        0.0644
D106 D(30,31,33,38)      179.7501      179.8867      179.8771
D107 D(36,31,33,35)     -178.9130     -179.7411     -179.5126
D108 D(36,31,33,38)        0.6099        0.1949        0.3000
D109 D(30,32,34,35)        0.2404       -0.0202       -0.0511
D110 D(30,32,34,39)      179.8252      179.8398      179.8629
D111 D(37,32,34,35)     -178.8369     -179.5141     -179.6419
D112 D(37,32,34,39)        0.7478        0.3460        0.2720
D113 D(31,33,35,34)       -0.1390        0.0113        0.0174
D114 D(31,33,35,50)      179.8522     -179.9476      179.9541
D115 D(38,33,35,34)     -179.6750     -179.9266     -179.8007
D116 D(38,33,35,50)        0.3162        0.1145        0.1359
D117 D(32,34,35,33)       -0.0907        0.0230       -0.0242
D118 D(32,34,35,50)      179.9189      179.9782     -179.9551
D119 D(39,34,35,33)     -179.6668     -179.8344     -179.9366
D120 D(39,34,35,50)        0.3429        0.1207        0.1326
D121 D(33,35,50,51)     -179.7672      179.9034     -179.7124
D122 D(34,35,50,51)        0.2235       -0.0532        0.2206
D123 D(15,40,41,43)     -179.7439     -179.8353     -179.6172
D124 D(15,40,41,46)        1.1621        0.5853        0.8988
D125 D(42,40,41,43)        0.1368        0.0334        0.1788
D126 D(42,40,41,46)     -178.9572     -179.5460     -179.3051
D127 D(15,40,42,44)      179.9981      179.8307      179.6142
D128 D(15,40,42,47)        0.9449        0.3071        0.1985
D129 D(41,40,42,44)        0.1183       -0.0369       -0.1806
D130 D(41,40,42,47)     -178.9349     -179.5605     -179.5963
D131 D(40,41,43,45)       -0.2694        0.0019       -0.0517
D132 D(40,41,43,48)     -179.7450     -179.8623     -179.8602
D133 D(46,41,43,45)      178.8313      179.5842      179.4363
D134 D(46,41,43,48)       -0.6444       -0.2799       -0.3722
D135 D(40,42,44,45)       -0.2387        0.0050        0.0542
D136 D(40,42,44,49)     -179.8194     -179.8616     -179.7903
D137 D(47,42,44,45)      178.8296      179.5363      179.4793
D138 D(47,42,44,49)       -0.7511       -0.3303       -0.3651
D139 D(41,43,45,44)        0.1456       -0.0349       -0.0803
D140 D(41,43,45,55)     -179.8150      179.9748      179.9663
D141 D(48,43,45,44)      179.6356      179.8334      179.7339
D142 D(48,43,45,55)       -0.3250       -0.1569       -0.2195
D143 D(42,44,45,43)        0.1042        0.0314        0.0790
D144 D(42,44,45,55)     -179.9389     -179.9792     -179.9718
D145 D(49,44,45,43)      179.6761      179.8955      179.9205
D146 D(49,44,45,55)       -0.3670       -0.1151       -0.1303
D147 D(43,45,55,56)      179.6908     -179.9546      179.9116
D148 D(44,45,55,56)       -0.2674        0.0557       -0.0392
D149 D(35,50,51,52)      179.7668     -179.9898      179.7882
D150 D(35,50,51,53)      -61.2653      -61.0378      -61.2677
D151 D(35,50,51,54)       60.7801       61.0585       60.8347
D152 D(45,55,56,57)     -179.7738     -179.9659     -179.9689
D153 D(45,55,56,58)      -60.7898      -61.0194      -61.0068
D154 D(45,55,56,59)       61.2572       61.0845       61.0766
