optS0 = -1603.15439809
tdS0 = -1603.06434903
optS1 = -1603.07368016
optR1 = -1603.06742197

Name     Definition    optS0    optS1    optR1
  R1         R(1,2)  2.52229  2.52075  2.51469
  R2         R(1,5)  2.62563  2.66585  2.66148
  R3        R(1,19)  2.93741  2.91540  2.91780
  R4         R(2,3)  2.67898  2.68739  2.68699
  R5        R(2,21)  2.05641  2.05526  2.05432
  R6         R(3,4)  2.63775  2.67136  2.67134
  R7        R(3,30)  2.77963  2.74027  2.74313
  R8         R(4,5)  2.67449  2.65054  2.64709
  R9        R(4,22)  2.05282  2.04928  2.04890
 R10        R(5,12)  2.65598  2.68790  2.72866
 R11         R(6,7)  2.63179  2.63132  2.62588
 R12        R(6,11)  2.65146  2.65816  2.67636
 R13        R(6,23)  2.06136  2.06208  2.05360
 R14         R(7,8)  2.63702  2.63803  2.63839
 R15        R(7,24)  2.06018  2.06107  2.06101
 R16         R(8,9)  2.63707  2.63723  2.63827
 R17        R(8,25)  2.06060  2.06061  2.05994
 R18        R(9,10)  2.63179  2.63220  2.62591
 R19        R(9,26)  2.06016  2.06109  2.06103
 R20       R(10,11)  2.65130  2.65746  2.67629
 R21       R(10,27)  2.06122  2.06113  2.05356
 R22       R(11,12)  2.79358  2.78275  2.74858
 R23       R(12,13)  2.65589  2.68917  2.72819
 R24       R(13,14)  2.67452  2.64954  2.64735
 R25       R(13,17)  2.62415  2.66260  2.66109
 R26       R(14,15)  2.63763  2.67119  2.67100
 R27       R(14,28)  2.05327  2.05048  2.04908
 R28       R(15,16)  2.67928  2.68892  2.68697
 R29       R(15,40)  2.77952  2.73987  2.74347
 R30       R(16,17)  2.52228  2.52015  2.51496
 R31       R(16,29)  2.05627  2.05510  2.05427
 R32       R(17,19)  2.93466  2.91236  2.91742
 R33       R(18,19)  2.63057  2.63725  2.62657
 R34       R(19,20)  2.63849  2.65078  2.64016
 R35       R(30,31)  2.65731  2.67178  2.67010
 R36       R(30,32)  2.64282  2.66064  2.65883
 R37       R(31,33)  2.61806  2.60890  2.60965
 R38       R(31,36)  2.06202  2.06013  2.06023
 R39       R(32,34)  2.63724  2.62448  2.62572
 R40       R(32,37)  2.06221  2.06029  2.06048
 R41       R(33,35)  2.65141  2.65940  2.65856
 R42       R(33,38)  2.06026  2.05972  2.05975
 R43       R(34,35)  2.64247  2.65186  2.65080
 R44       R(34,39)  2.05689  2.05623  2.05634
 R45       R(35,50)  2.56140  2.54397  2.54559
 R46       R(40,41)  2.65729  2.67191  2.66999
 R47       R(40,42)  2.64295  2.66079  2.65870
 R48       R(41,43)  2.61819  2.60882  2.60974
 R49       R(41,46)  2.06213  2.06018  2.06040
 R50       R(42,44)  2.63712  2.62437  2.62595
 R51       R(42,47)  2.06217  2.06021  2.06049
 R52       R(43,45)  2.65128  2.65949  2.65850
 R53       R(43,48)  2.06027  2.05972  2.05973
 R54       R(44,45)  2.64261  2.65195  2.65068
 R55       R(44,49)  2.05687  2.05622  2.05640
 R56       R(45,55)  2.56143  2.54380  2.54579
 R57       R(50,51)  2.67736  2.68349  2.68297
 R58       R(51,52)  2.06867  2.06769  2.06778
 R59       R(51,53)  2.08115  2.07969  2.07973
 R60       R(51,54)  2.08111  2.07968  2.07976
 R61       R(55,56)  2.67735  2.68357  2.68280
 R62       R(56,57)  2.06867  2.06768  2.06782
 R63       R(56,58)  2.08111  2.07962  2.07976
 R64       R(56,59)  2.08110  2.07968  2.07980
  A1       A(2,1,5)  1.88955  1.89853  1.90926
  A2      A(2,1,19)  2.19112  2.17942  2.23185
  A3      A(5,1,19)  2.19206  2.19170  2.14208
  A4       A(1,2,3)  1.92989  1.91958  1.91347
  A5      A(1,2,21)  2.10166  2.10002  2.09940
  A6      A(3,2,21)  2.25125  2.26301  2.27018
  A7       A(2,3,4)  1.84515  1.84956  1.84887
  A8      A(2,3,30)  2.20079  2.19574  2.19761
  A9      A(4,3,30)  2.23720  2.23785  2.23670
 A10       A(3,4,5)  1.87784  1.87978  1.88403
 A11      A(3,4,22)  2.22042  2.21718  2.20412
 A12      A(5,4,22)  2.18487  2.18613  2.19147
 A13       A(1,5,4)  1.88224  1.87699  1.86914
 A14      A(1,5,12)  2.10938  2.10389  2.08472
 A15      A(4,5,12)  2.29156  2.30204  2.32190
 A16      A(7,6,11)  2.09690  2.10836  2.11987
 A17      A(7,6,23)  2.09904  2.09312  2.06701
 A18     A(11,6,23)  2.08693  2.08150  2.09563
 A19       A(6,7,8)  2.09707  2.09946  2.10719
 A20      A(6,7,24)  2.08834  2.08723  2.07974
 A21      A(8,7,24)  2.09777  2.09647  2.09618
 A22       A(7,8,9)  2.09363  2.08585  2.07369
 A23      A(7,8,25)  2.09475  2.09874  2.10457
 A24      A(9,8,25)  2.09481  2.09859  2.10458
 A25      A(8,9,10)  2.09733  2.10037  2.10724
 A26      A(8,9,26)  2.09764  2.09622  2.09620
 A27     A(10,9,26)  2.08821  2.08654  2.07966
 A28     A(9,10,11)  2.09668  2.10740  2.11985
 A29     A(9,10,27)  2.09822  2.09029  2.06705
 A30    A(11,10,27)  2.08790  2.08505  2.09562
 A31     A(6,11,10)  2.08466  2.06491  2.03655
 A32     A(6,11,12)  2.09607  2.10100  2.12193
 A33    A(10,11,12)  2.10245  2.11723  2.12279
 A34     A(5,12,11)  2.09989  2.12002  2.14950
 A35     A(5,12,13)  2.09211  2.06581  1.98276
 A36    A(11,12,13)  2.09110  2.09579  2.14850
 A37    A(12,13,14)  2.28607  2.28933  2.32121
 A38    A(12,13,17)  2.11179  2.11178  2.08529
 A39    A(14,13,17)  1.88236  1.87850  1.86914
 A40    A(13,14,15)  1.87766  1.87909  1.88404
 A41    A(13,14,28)  2.18327  2.18072  2.19159
 A42    A(15,14,28)  2.22138  2.22189  2.20371
 A43    A(14,15,16)  1.84530  1.84936  1.84893
 A44    A(14,15,40)  2.23563  2.23802  2.23575
 A45    A(16,15,40)  2.20224  2.19579  2.19850
 A46    A(15,16,17)  1.92923  1.91881  1.91338
 A47    A(15,16,29)  2.25246  2.26409  2.27002
 A48    A(17,16,29)  2.10147  2.10022  2.09960
 A49    A(13,17,16)  1.89021  1.89896  1.90927
 A50    A(13,17,19)  2.19421  2.19021  2.14174
 A51    A(16,17,19)  2.19850  2.19210  2.23217
 A52     A(1,19,17)  1.84297  1.83111  1.78973
 A53     A(1,19,18)  1.93208  1.93467  1.93250
 A54     A(1,19,20)  1.91538  1.92453  1.93105
 A55    A(17,19,18)  1.92645  1.93338  1.93242
 A56    A(17,19,20)  1.92287  1.92914  1.93193
 A57    A(18,19,20)  1.92272  1.91012  1.94113
 A58     A(3,30,31)  2.10904  2.10929  2.11087
 A59     A(3,30,32)  2.11792  2.12161  2.11977
 A60    A(31,30,32)  2.05622  2.05229  2.05255
 A61    A(30,31,33)  2.11432  2.11538  2.11531
 A62    A(30,31,36)  2.09168  2.09074  2.09126
 A63    A(33,31,36)  2.07709  2.07706  2.07659
 A64    A(30,32,34)  2.12452  2.12603  2.12601
 A65    A(30,32,37)  2.09345  2.09322  2.09333
 A66    A(34,32,37)  2.06511  2.06390  2.06383
 A67    A(31,33,35)  2.10062  2.09996  2.10015
 A68    A(31,33,38)  2.11548  2.11817  2.11774
 A69    A(35,33,38)  2.06706  2.06506  2.06529
 A70    A(32,34,35)  2.08734  2.08674  2.08676
 A71    A(32,34,39)  2.08003  2.08261  2.08195
 A72    A(35,34,39)  2.11578  2.11384  2.11447
 A73    A(33,35,34)  2.08335  2.08597  2.08559
 A74    A(33,35,50)  2.02477  2.02409  2.02397
 A75    A(34,35,50)  2.17507  2.17312  2.17362
 A76    A(15,40,41)  2.10775  2.10857  2.11020
 A77    A(15,40,42)  2.11921  2.12226  2.12024
 A78    A(41,40,42)  2.05623  2.05236  2.05274
 A79    A(40,41,43)  2.11447  2.11538  2.11530
 A80    A(40,41,46)  2.09085  2.09019  2.09098
 A81    A(43,41,46)  2.07775  2.07759  2.07688
 A82    A(40,42,44)  2.12433  2.12593  2.12580
 A83    A(40,42,47)  2.09374  2.09330  2.09326
 A84    A(44,42,47)  2.06500  2.06393  2.06408
 A85    A(41,43,45)  2.10044  2.09987  2.10002
 A86    A(41,43,48)  2.11558  2.11829  2.11781
 A87    A(45,43,48)  2.06713  2.06502  2.06535
 A88    A(42,44,45)  2.08752  2.08678  2.08678
 A89    A(42,44,49)  2.08001  2.08263  2.08197
 A90    A(45,44,49)  2.11562  2.11377  2.11443
 A91    A(43,45,44)  2.08337  2.08605  2.08571
 A92    A(43,45,55)  2.02495  2.02407  2.02388
 A93    A(44,45,55)  2.17487  2.17307  2.17359
 A94    A(35,50,51)  2.04780  2.05576  2.05501
 A95    A(50,51,52)  1.85241  1.84963  1.84984
 A96    A(50,51,53)  1.94056  1.93696  1.93729
 A97    A(50,51,54)  1.94059  1.93700  1.93719
 A98    A(52,51,53)  1.91066  1.91345  1.91308
 A99    A(52,51,54)  1.91092  1.91343  1.91326
A100    A(53,51,54)  1.90781  1.91242  1.91222
A101    A(45,55,56)  2.04771  2.05587  2.05482
A102    A(55,56,57)  1.85243  1.84958  1.85000
A103    A(55,56,58)  1.94058  1.93695  1.93719
A104    A(55,56,59)  1.94063  1.93694  1.93725
A105    A(57,56,58)  1.91088  1.91340  1.91331
A106    A(57,56,59)  1.91064  1.91345  1.91317
A107    A(58,56,59)  1.90780  1.91257  1.91198
  D1     D(5,1,2,3)  0.00027 -0.01235  0.00082
  D2    D(5,1,2,21) -3.11410 -3.12100 -3.12447
  D3    D(19,1,2,3)  2.99367  2.96105  3.13967
  D4   D(19,1,2,21) -0.12071 -0.14761  0.01437
  D5     D(2,1,5,4)  0.00839  0.02307 -0.00413
  D6    D(2,1,5,12) -3.13410 -3.09656 -3.03168
  D7    D(19,1,5,4) -2.98490 -2.94885  3.14004
  D8   D(19,1,5,12)  0.15579  0.21470  0.11250
  D9   D(2,1,19,17)  3.08162  2.94809  2.49548
 D10   D(2,1,19,18)  0.99653  0.86037  0.43347
 D11   D(2,1,19,20) -1.12949 -1.25763 -1.72692
 D12   D(5,1,19,17) -0.23328 -0.38962 -0.64919
 D13   D(5,1,19,18) -2.31837 -2.47734 -2.71121
 D14   D(5,1,19,20)  1.83880  1.68784  1.41159
 D15     D(1,2,3,4) -0.00885 -0.00302  0.00276
 D16    D(1,2,3,30) -3.14087 -3.13596 -3.13467
 D17    D(21,2,3,4)  3.10254  3.10165  3.12596
 D18   D(21,2,3,30) -0.02947 -0.03130 -0.01147
 D19     D(2,3,4,5)  0.01365  0.01716 -0.00526
 D20    D(2,3,4,22) -3.13882 -3.13850  3.04936
 D21    D(30,3,4,5) -3.13779 -3.13336  3.13205
 D22   D(30,3,4,22) -0.00708 -0.00584 -0.09652
 D23   D(2,3,30,31)  2.79839  3.04801  3.05604
 D24   D(2,3,30,32) -0.34445 -0.09636 -0.08785
 D25   D(4,3,30,31) -0.33147 -0.08300 -0.08046
 D26   D(4,3,30,32)  2.80888  3.05582  3.05883
 D27     D(3,4,5,1) -0.01388 -0.02463  0.00579
 D28    D(3,4,5,12)  3.12875  3.09155  3.01138
 D29    D(22,4,5,1)  3.13832  3.13072 -3.04962
 D30   D(22,4,5,12) -0.00225 -0.03628 -0.04403
 D31   D(1,5,12,11)  3.12540 -3.13859 -2.69595
 D32   D(1,5,12,13) -0.00224  0.06319  0.51847
 D33   D(4,5,12,11) -0.01734  0.03114  0.59501
 D34   D(4,5,12,13)  3.13821 -3.05027 -2.47375
 D35    D(11,6,7,8) -0.01298 -0.00237  0.01548
 D36   D(11,6,7,24)  3.12654  3.13105 -3.14009
 D37    D(23,6,7,8) -3.12777 -3.12173 -3.08675
 D38   D(23,6,7,24)  0.01174  0.01169  0.04086
 D39   D(7,6,11,10)  0.00918  0.00737 -0.05919
 D40   D(7,6,11,12) -3.13674  3.13858 -3.13543
 D41  D(23,6,11,10)  3.12417  3.12689  3.04240
 D42  D(23,6,11,12) -0.02176 -0.02509 -0.03384
 D43     D(6,7,8,9)  0.00471 -0.00328  0.03067
 D44    D(6,7,8,25) -3.13574  3.14114 -3.13867
 D45    D(24,7,8,9) -3.13479 -3.13666 -3.09681
 D46   D(24,7,8,25)  0.00795  0.00776  0.01704
 D47    D(7,8,9,10)  0.00734  0.00377 -0.03075
 D48    D(7,8,9,26) -3.13074 -3.12665  3.09705
 D49   D(25,8,9,10) -3.13540 -3.14065  3.13859
 D50   D(25,8,9,26)  0.00970  0.01212 -0.01680
 D51   D(8,9,10,11) -0.01109  0.00139 -0.01533
 D52   D(8,9,10,27) -3.12231 -3.10791  3.08714
 D53  D(26,9,10,11)  3.12702  3.13187  3.13993
 D54  D(26,9,10,27)  0.01579  0.02257 -0.04079
 D55   D(9,10,11,6)  0.00283 -0.00689  0.05911
 D56  D(9,10,11,12) -3.13441 -3.13800  3.13532
 D57  D(27,10,11,6)  3.11424  3.10251 -3.04272
 D58 D(27,10,11,12) -0.02300 -0.02860  0.03349
 D59   D(6,11,12,5)  2.24022  2.35233 -3.13904
 D60  D(6,11,12,13) -0.91532 -0.85047 -0.07713
 D61  D(10,11,12,5) -0.90576 -0.79996  0.07113
 D62 D(10,11,12,13)  2.22189  2.28043  3.13304
 D63  D(5,12,13,14)  3.02023  2.94764  2.47369
 D64  D(5,12,13,17) -0.02787 -0.09109 -0.51744
 D65 D(11,12,13,14) -0.10748 -0.13462 -0.59512
 D66 D(11,12,13,17)  3.12760  3.10983  2.69694
 D67 D(12,13,14,15) -3.06328 -3.04049 -3.00935
 D68 D(12,13,14,28)  0.03597  0.04598  0.04284
 D69 D(17,13,14,15) -0.00586  0.00861 -0.00471
 D70 D(17,13,14,28)  3.09339  3.09509  3.04748
 D71 D(12,13,17,16)  3.07152  3.04937  3.02980
 D72 D(12,13,17,19) -0.09330 -0.15587 -0.11483
 D73 D(14,13,17,16)  0.00403 -0.01104  0.00316
 D74 D(14,13,17,19)  3.12240  3.06691 -3.14146
 D75 D(13,14,15,16)  0.00531 -0.00326  0.00445
 D76 D(13,14,15,40)  3.14127  3.13326 -3.13293
 D77 D(28,14,15,16) -3.09274 -3.08805 -3.04695
 D78 D(28,14,15,40)  0.04322  0.04847  0.09886
 D79 D(14,15,16,17) -0.00296 -0.00364 -0.00255
 D80 D(14,15,16,29) -3.13581 -3.13228 -3.12301
 D81 D(40,15,16,17) -3.13906 -3.14031  3.13495
 D82 D(40,15,16,29)  0.01127  0.01423  0.01449
 D83 D(14,15,40,41)  0.34668  0.09184  0.10538
 D84 D(14,15,40,42) -2.79275 -3.04737 -3.03251
 D85 D(16,15,40,41) -2.80163 -3.05577 -3.03121
 D86 D(16,15,40,42)  0.34212  0.08821  0.11408
 D87 D(15,16,17,13) -0.00068  0.00909 -0.00035
 D88 D(15,16,17,19) -3.11897 -3.06877 -3.13871
 D89 D(29,16,17,13)  3.13305  3.13914  3.12251
 D90 D(29,16,17,19)  0.01476  0.06128 -0.01585
 D91  D(13,17,19,1)  0.20213  0.35942  0.65035
 D92 D(13,17,19,18)  2.29094  2.44800  2.71242
 D93 D(13,17,19,20) -1.86496 -1.71494 -1.40981
 D94  D(16,17,19,1) -2.96671 -2.85629 -2.49487
 D95 D(16,17,19,18) -0.87790 -0.76770 -0.43280
 D96 D(16,17,19,20)  1.24938  1.35254  1.72815
 D97  D(3,30,31,33)  3.13898  3.13982  3.13703
 D98  D(3,30,31,36) -0.01774 -0.00720 -0.01201
 D99 D(32,30,31,33) -0.00141  0.00089 -0.00235
D100 D(32,30,31,36)  3.12505  3.13706  3.13180
D101  D(3,30,32,34)  3.14011 -3.13919 -3.13713
D102  D(3,30,32,37) -0.01784 -0.00657 -0.00279
D103 D(31,30,32,34) -0.00269 -0.00028  0.00225
D104 D(31,30,32,37)  3.12254  3.13233  3.13658
D105 D(30,31,33,35)  0.00396 -0.00086  0.00112
D106 D(30,31,33,38)  3.13723  3.13962  3.13945
D107 D(36,31,33,35) -3.12262 -3.13707 -3.13309
D108 D(36,31,33,38)  0.01065  0.00340  0.00524
D109 D(30,32,34,35)  0.00420 -0.00035 -0.00089
D110 D(30,32,34,39)  3.13854  3.13880  3.13920
D111 D(37,32,34,35) -3.12129 -3.13311 -3.13534
D112 D(37,32,34,39)  0.01305  0.00604  0.00475
D113 D(31,33,35,34) -0.00243  0.00020  0.00030
D114 D(31,33,35,50)  3.13901 -3.14068  3.14079
D115 D(38,33,35,34) -3.13592 -3.14031 -3.13812
D116 D(38,33,35,50)  0.00552  0.00200  0.00237
D117 D(32,34,35,33) -0.00158  0.00040 -0.00042
D118 D(32,34,35,50)  3.14018  3.14121 -3.14081
D119 D(39,34,35,33) -3.13578 -3.13870 -3.14049
D120 D(39,34,35,50)  0.00598  0.00211  0.00231
D121 D(33,35,50,51) -3.13753  3.13991 -3.13657
D122 D(34,35,50,51)  0.00390 -0.00093  0.00385
D123 D(15,40,41,43) -3.13712 -3.13872 -3.13491
D124 D(15,40,41,46)  0.02028  0.01021  0.01569
D125 D(42,40,41,43)  0.00239  0.00058  0.00312
D126 D(42,40,41,46) -3.12339 -3.13367 -3.12946
D127 D(15,40,42,44)  3.14156  3.13864  3.13486
D128 D(15,40,42,47)  0.01649  0.00536  0.00346
D129 D(41,40,42,44)  0.00206 -0.00064 -0.00315
D130 D(41,40,42,47) -3.12300 -3.13392 -3.13455
D131 D(40,41,43,45) -0.00470  0.00003 -0.00090
D132 D(40,41,43,48) -3.13714 -3.13919 -3.13915
D133 D(46,41,43,45)  3.12119  3.13434  3.13175
D134 D(46,41,43,48) -0.01125 -0.00489 -0.00650
D135 D(40,42,44,45) -0.00417  0.00009  0.00095
D136 D(40,42,44,49) -3.13844 -3.13918 -3.13793
D137 D(47,42,44,45)  3.12117  3.13350  3.13251
D138 D(47,42,44,49) -0.01311 -0.00576 -0.00637
D139 D(41,43,45,44)  0.00254 -0.00061 -0.00140
D140 D(41,43,45,55) -3.13836  3.14115  3.14100
D141 D(48,43,45,44)  3.13523  3.13869  3.13695
D142 D(48,43,45,55) -0.00567 -0.00274 -0.00383
D143 D(42,44,45,43)  0.00182  0.00055  0.00138
D144 D(42,44,45,55) -3.14053 -3.14123 -3.14110
D145 D(49,44,45,43)  3.13594  3.13977  3.14021
D146 D(49,44,45,55) -0.00641 -0.00201 -0.00227
D147 D(43,45,55,56)  3.13620 -3.14080  3.14005
D148 D(44,45,55,56) -0.00467  0.00097 -0.00068
D149 D(35,50,51,52)  3.13753 -3.14141  3.13790
D150 D(35,50,51,53) -1.06928 -1.06531 -1.06932
D151 D(35,50,51,54)  1.06082  1.06567  1.06177
D152 D(45,55,56,57) -3.13764 -3.14100 -3.14105
D153 D(45,55,56,58) -1.06098 -1.06499 -1.06477
D154 D(45,55,56,59)  1.06914  1.06613  1.06599
