optS0 = -1603.15503365
tdS0 = -1603.06537894
optS1 = -1603.0746096
optR1 = -1603.06827809

Name     Definition    optS0    optS1    optR1
  R1         R(1,2)  2.52257  2.52083  2.51468
  R2         R(1,5)  2.62573  2.66605  2.66181
  R3        R(1,19)  2.93677  2.91501  2.91728
  R4         R(2,3)  2.67882  2.68775  2.68736
  R5        R(2,21)  2.05642  2.05532  2.05436
  R6         R(3,4)  2.63792  2.67106  2.67099
  R7        R(3,30)  2.77972  2.74031  2.74312
  R8         R(4,5)  2.67435  2.65084  2.64752
  R9        R(4,22)  2.05282  2.04930  2.04887
 R10        R(5,12)  2.65613  2.68779  2.72842
 R11         R(6,7)  2.63179  2.63141  2.62605
 R12        R(6,11)  2.65155  2.65809  2.67621
 R13        R(6,23)  2.06135  2.06210  2.05356
 R14         R(7,8)  2.63707  2.63805  2.63835
 R15        R(7,24)  2.06017  2.06106  2.06101
 R16         R(8,9)  2.63712  2.63726  2.63823
 R17        R(8,25)  2.06059  2.06061  2.05994
 R18        R(9,10)  2.63179  2.63229  2.62609
 R19        R(9,26)  2.06015  2.06108  2.06103
 R20       R(10,11)  2.65140  2.65739  2.67613
 R21       R(10,27)  2.06121  2.06115  2.05351
 R22       R(11,12)  2.79342  2.78315  2.74952
 R23       R(12,13)  2.65602  2.68899  2.72794
 R24       R(13,14)  2.67438  2.64989  2.64779
 R25       R(13,17)  2.62426  2.66280  2.66140
 R26       R(14,15)  2.63779  2.67083  2.67064
 R27       R(14,28)  2.05327  2.05049  2.04906
 R28       R(15,16)  2.67913  2.68927  2.68733
 R29       R(15,40)  2.77961  2.73997  2.74347
 R30       R(16,17)  2.52256  2.52026  2.51497
 R31       R(16,29)  2.05628  2.05515  2.05432
 R32       R(17,19)  2.93406  2.91199  2.91687
 R33       R(18,19)  2.63110  2.63755  2.62673
 R34       R(19,20)  2.63921  2.65152  2.64112
 R35       R(30,31)  2.65735  2.67181  2.67016
 R36       R(30,32)  2.64293  2.66071  2.65893
 R37       R(31,33)  2.61813  2.60891  2.60966
 R38       R(31,36)  2.06202  2.06014  2.06024
 R39       R(32,34)  2.63726  2.62447  2.62569
 R40       R(32,37)  2.06221  2.06029  2.06049
 R41       R(33,35)  2.65149  2.65953  2.65870
 R42       R(33,38)  2.06029  2.05973  2.05977
 R43       R(34,35)  2.64256  2.65193  2.65090
 R44       R(34,39)  2.05690  2.05622  2.05633
 R45       R(35,50)  2.56128  2.54371  2.54531
 R46       R(40,41)  2.65733  2.67192  2.67003
 R47       R(40,42)  2.64305  2.66083  2.65879
 R48       R(41,43)  2.61826  2.60885  2.60975
 R49       R(41,46)  2.06213  2.06020  2.06041
 R50       R(42,44)  2.63714  2.62439  2.62594
 R51       R(42,47)  2.06217  2.06021  2.06049
 R52       R(43,45)  2.65136  2.65961  2.65864
 R53       R(43,48)  2.06030  2.05973  2.05974
 R54       R(44,45)  2.64270  2.65201  2.65077
 R55       R(44,49)  2.05688  2.05621  2.05639
 R56       R(45,55)  2.56132  2.54358  2.54553
 R57       R(50,51)  2.67779  2.68395  2.68344
 R58       R(51,52)  2.06864  2.06765  2.06773
 R59       R(51,53)  2.08107  2.07961  2.07964
 R60       R(51,54)  2.08104  2.07960  2.07967
 R61       R(55,56)  2.67777  2.68402  2.68326
 R62       R(56,57)  2.06864  2.06764  2.06778
 R63       R(56,58)  2.08103  2.07954  2.07967
 R64       R(56,59)  2.08102  2.07960  2.07972
  A1       A(2,1,5)  1.88953  1.89845  1.90927
  A2      A(2,1,19)  2.19124  2.17984  2.23195
  A3      A(5,1,19)  2.19200  2.19145  2.14195
  A4       A(1,2,3)  1.92984  1.91960  1.91347
  A5      A(1,2,21)  2.10178  2.10032  2.09969
  A6      A(3,2,21)  2.25118  2.26271  2.26989
  A7       A(2,3,4)  1.84518  1.84957  1.84889
  A8      A(2,3,30)  2.20085  2.19553  2.19737
  A9      A(4,3,30)  2.23711  2.23805  2.23691
 A10       A(3,4,5)  1.87789  1.87986  1.88416
 A11      A(3,4,22)  2.22044  2.21712  2.20386
 A12      A(5,4,22)  2.18480  2.18611  2.19160
 A13       A(1,5,4)  1.88222  1.87696  1.86896
 A14      A(1,5,12)  2.10947  2.10386  2.08468
 A15      A(4,5,12)  2.29149  2.30209  2.32225
 A16      A(7,6,11)  2.09686  2.10833  2.11996
 A17      A(7,6,23)  2.09890  2.09298  2.06666
 A18     A(11,6,23)  2.08711  2.08168  2.09590
 A19       A(6,7,8)  2.09706  2.09941  2.10720
 A20      A(6,7,24)  2.08833  2.08726  2.07966
 A21      A(8,7,24)  2.09779  2.09649  2.09624
 A22       A(7,8,9)  2.09368  2.08591  2.07360
 A23      A(7,8,25)  2.09472  2.09871  2.10462
 A24      A(9,8,25)  2.09479  2.09856  2.10463
 A25      A(8,9,10)  2.09732  2.10033  2.10725
 A26      A(8,9,26)  2.09766  2.09625  2.09627
 A27     A(10,9,26)  2.08820  2.08655  2.07959
 A28     A(9,10,11)  2.09663  2.10736  2.11994
 A29     A(9,10,27)  2.09809  2.09017  2.06669
 A30    A(11,10,27)  2.08807  2.08522  2.09590
 A31     A(6,11,10)  2.08471  2.06501  2.03646
 A32     A(6,11,12)  2.09607  2.10098  2.12195
 A33    A(10,11,12)  2.10240  2.11715  2.12285
 A34     A(5,12,11)  2.09998  2.11982  2.14926
 A35     A(5,12,13)  2.09190  2.06606  1.98329
 A36    A(11,12,13)  2.09122  2.09573  2.14821
 A37    A(12,13,14)  2.28604  2.28948  2.32153
 A38    A(12,13,17)  2.11185  2.11171  2.08529
 A39    A(14,13,17)  1.88234  1.87846  1.86896
 A40    A(13,14,15)  1.87770  1.87917  1.88417
 A41    A(13,14,28)  2.18324  2.18071  2.19173
 A42    A(15,14,28)  2.22138  2.22183  2.20345
 A43    A(14,15,16)  1.84533  1.84938  1.84896
 A44    A(14,15,40)  2.23553  2.23821  2.23591
 A45    A(16,15,40)  2.20231  2.19558  2.19831
 A46    A(15,16,17)  1.92918  1.91883  1.91337
 A47    A(15,16,29)  2.25237  2.26377  2.26973
 A48    A(17,16,29)  2.10160  2.10052  2.09990
 A49    A(13,17,16)  1.89020  1.89887  1.90929
 A50    A(13,17,19)  2.19415  2.18994  2.14159
 A51    A(16,17,19)  2.19860  2.19242  2.23229
 A52     A(1,19,17)  1.84343  1.83172  1.79047
 A53     A(1,19,18)  1.93221  1.93481  1.93285
 A54     A(1,19,20)  1.91551  1.92444  1.93083
 A55    A(17,19,18)  1.92657  1.93356  1.93278
 A56    A(17,19,20)  1.92297  1.92902  1.93172
 A57    A(18,19,20)  1.92183  1.90945  1.94023
 A58     A(3,30,31)  2.10899  2.10913  2.11073
 A59     A(3,30,32)  2.11796  2.12165  2.11978
 A60    A(31,30,32)  2.05624  2.05240  2.05268
 A61    A(30,31,33)  2.11427  2.11529  2.11521
 A62    A(30,31,36)  2.09188  2.09091  2.09142
 A63    A(33,31,36)  2.07694  2.07698  2.07653
 A64    A(30,32,34)  2.12453  2.12599  2.12596
 A65    A(30,32,37)  2.09362  2.09343  2.09353
 A66    A(34,32,37)  2.06493  2.06373  2.06367
 A67    A(31,33,35)  2.10067  2.09998  2.10017
 A68    A(31,33,38)  2.11527  2.11801  2.11758
 A69    A(35,33,38)  2.06722  2.06520  2.06543
 A70    A(32,34,35)  2.08733  2.08673  2.08674
 A71    A(32,34,39)  2.08002  2.08261  2.08196
 A72    A(35,34,39)  2.11581  2.11384  2.11449
 A73    A(33,35,34)  2.08332  2.08599  2.08562
 A74    A(33,35,50)  2.02483  2.02413  2.02399
 A75    A(34,35,50)  2.17504  2.17307  2.17358
 A76    A(15,40,41)  2.10767  2.10841  2.11003
 A77    A(15,40,42)  2.11925  2.12230  2.12026
 A78    A(41,40,42)  2.05627  2.05247  2.05288
 A79    A(40,41,43)  2.11441  2.11530  2.11519
 A80    A(40,41,46)  2.09104  2.09036  2.09112
 A81    A(43,41,46)  2.07763  2.07750  2.07684
 A82    A(40,42,44)  2.12433  2.12588  2.12575
 A83    A(40,42,47)  2.09390  2.09351  2.09346
 A84    A(44,42,47)  2.06484  2.06376  2.06394
 A85    A(41,43,45)  2.10049  2.09989  2.10004
 A86    A(41,43,48)  2.11537  2.11813  2.11766
 A87    A(45,43,48)  2.06730  2.06516  2.06548
 A88    A(42,44,45)  2.08751  2.08677  2.08676
 A89    A(42,44,49)  2.08001  2.08264  2.08197
 A90    A(45,44,49)  2.11564  2.11377  2.11445
 A91    A(43,45,44)  2.08335  2.08605  2.08574
 A92    A(43,45,55)  2.02501  2.02411  2.02391
 A93    A(44,45,55)  2.17483  2.17302  2.17354
 A94    A(35,50,51)  2.04784  2.05582  2.05508
 A95    A(50,51,52)  1.85237  1.84956  1.84977
 A96    A(50,51,53)  1.94044  1.93682  1.93715
 A97    A(50,51,54)  1.94048  1.93687  1.93705
 A98    A(52,51,53)  1.91074  1.91355  1.91318
 A99    A(52,51,54)  1.91100  1.91352  1.91336
A100    A(53,51,54)  1.90792  1.91256  1.91237
A101    A(45,55,56)  2.04775  2.05591  2.05488
A102    A(55,56,57)  1.85239  1.84951  1.84993
A103    A(55,56,58)  1.94046  1.93682  1.93705
A104    A(55,56,59)  1.94052  1.93680  1.93711
A105    A(57,56,58)  1.91096  1.91349  1.91341
A106    A(57,56,59)  1.91072  1.91355  1.91328
A107    A(58,56,59)  1.90790  1.91269  1.91212
  D1     D(5,1,2,3)  0.00026 -0.01218  0.00099
  D2    D(5,1,2,21) -3.11433 -3.12130 -3.12459
  D3    D(19,1,2,3)  2.99394  2.96175  3.13876
  D4   D(19,1,2,21) -0.12064 -0.14737  0.01318
  D5     D(2,1,5,4)  0.00839  0.02290 -0.00428
  D6    D(2,1,5,12) -3.13447 -3.09678 -3.03285
  D7    D(19,1,5,4) -2.98522 -2.94964  3.14090
  D8   D(19,1,5,12)  0.15511  0.21387  0.11232
  D9   D(2,1,19,17)  3.08257  2.94827  2.49744
 D10   D(2,1,19,18)  0.99699  0.85990  0.43444
 D11   D(2,1,19,20) -1.12809 -1.25730 -1.72489
 D12   D(5,1,19,17) -0.23198 -0.38879 -0.64844
 D13   D(5,1,19,18) -2.31756 -2.47716 -2.71144
 D14   D(5,1,19,20)  1.84055  1.68883  1.41242
 D15     D(1,2,3,4) -0.00882 -0.00312  0.00264
 D16    D(1,2,3,30) -3.14081 -3.13635 -3.13510
 D17    D(21,2,3,4)  3.10281  3.10208  3.12617
 D18   D(21,2,3,30) -0.02917 -0.03116 -0.01157
 D19     D(2,3,4,5)  0.01362  0.01716 -0.00523
 D20    D(2,3,4,22) -3.13867 -3.13889  3.04957
 D21    D(30,3,4,5) -3.13785 -3.13306  3.13240
 D22   D(30,3,4,22) -0.00695 -0.00592 -0.09599
 D23   D(2,3,30,31)  2.80166  3.04924  3.05728
 D24   D(2,3,30,32) -0.34115 -0.09523 -0.08660
 D25   D(4,3,30,31) -0.32816 -0.08213 -0.07960
 D26   D(4,3,30,32)  2.81221  3.05659  3.05971
 D27     D(3,4,5,1) -0.01385 -0.02453  0.00585
 D28    D(3,4,5,12)  3.12919  3.09171  3.01263
 D29    D(22,4,5,1)  3.13816  3.13119 -3.04972
 D30   D(22,4,5,12) -0.00198 -0.03575 -0.04294
 D31   D(1,5,12,11)  3.12535 -3.13848 -2.69665
 D32   D(1,5,12,13) -0.00241  0.06335  0.51772
 D33   D(4,5,12,11) -0.01785  0.03118  0.59301
 D34   D(4,5,12,13)  3.13757 -3.05017 -2.47580
 D35    D(11,6,7,8) -0.01301 -0.00227  0.01542
 D36   D(11,6,7,24)  3.12654  3.13126 -3.13997
 D37    D(23,6,7,8) -3.12771 -3.12199 -3.08701
 D38   D(23,6,7,24)  0.01184  0.01154  0.04078
 D39   D(7,6,11,10)  0.00919  0.00730 -0.05897
 D40   D(7,6,11,12) -3.13673  3.13854 -3.13481
 D41  D(23,6,11,10)  3.12408  3.12716  3.04281
 D42  D(23,6,11,12) -0.02184 -0.02479 -0.03303
 D43     D(6,7,8,9)  0.00473 -0.00331  0.03057
 D44    D(6,7,8,25) -3.13571  3.14111 -3.13855
 D45    D(24,7,8,9) -3.13481 -3.13680 -3.09709
 D46   D(24,7,8,25)  0.00793  0.00762  0.01698
 D47    D(7,8,9,10)  0.00736  0.00371 -0.03065
 D48    D(7,8,9,26) -3.13075 -3.12680  3.09735
 D49   D(25,8,9,10) -3.13538 -3.14071  3.13847
 D50   D(25,8,9,26)  0.00970  0.01196 -0.01672
 D51   D(8,9,10,11) -0.01114  0.00148 -0.01526
 D52   D(8,9,10,27) -3.12224 -3.10820  3.08741
 D53  D(26,9,10,11)  3.12699  3.13205  3.13980
 D54  D(26,9,10,27)  0.01589  0.02237 -0.04072
 D55   D(9,10,11,6)  0.00286 -0.00690  0.05889
 D56  D(9,10,11,12) -3.13438 -3.13804  3.13470
 D57  D(27,10,11,6)  3.11415  3.10287 -3.04314
 D58 D(27,10,11,12) -0.02310 -0.02827  0.03267
 D59   D(6,11,12,5)  2.24125  2.35138 -3.13948
 D60  D(6,11,12,13) -0.91417 -0.85147 -0.07747
 D61  D(10,11,12,5) -0.90472 -0.80088  0.07112
 D62 D(10,11,12,13)  2.22305  2.27946  3.13312
 D63  D(5,12,13,14)  3.02063  2.94849  2.47577
 D64  D(5,12,13,17) -0.02780 -0.09088 -0.51658
 D65 D(11,12,13,14) -0.10720 -0.13372 -0.59309
 D66 D(11,12,13,17)  3.12756  3.11010  2.69774
 D67 D(12,13,14,15) -3.06365 -3.04097 -3.01046
 D68 D(12,13,14,28)  0.03600  0.04591  0.04175
 D69 D(17,13,14,15) -0.00593  0.00870 -0.00471
 D70 D(17,13,14,28)  3.09372  3.09558  3.04750
 D71 D(12,13,17,16)  3.07180  3.04986  3.03085
 D72 D(12,13,17,19) -0.09241 -0.15584 -0.11489
 D73 D(14,13,17,16)  0.00406 -0.01105  0.00325
 D74 D(14,13,17,19)  3.12303  3.06643  3.14069
 D75 D(13,14,15,16)  0.00539 -0.00338  0.00437
 D76 D(13,14,15,40)  3.14144  3.13314 -3.13322
 D77 D(28,14,15,16) -3.09306 -3.08859 -3.04707
 D78 D(28,14,15,40)  0.04298  0.04793  0.09852
 D79 D(14,15,16,17) -0.00302 -0.00353 -0.00242
 D80 D(14,15,16,29) -3.13607 -3.13223 -3.12297
 D81 D(40,15,16,17) -3.13921 -3.14021  3.13529
 D82 D(40,15,16,29)  0.01093  0.01428  0.01474
 D83 D(14,15,40,41)  0.34422  0.09209  0.10597
 D84 D(14,15,40,42) -2.79528 -3.04704 -3.03191
 D85 D(16,15,40,41) -2.80399 -3.05551 -3.03087
 D86 D(16,15,40,42)  0.33970  0.08854  0.11443
 D87 D(15,16,17,13) -0.00065  0.00903 -0.00050
 D88 D(15,16,17,19) -3.11955 -3.06834 -3.13766
 D89 D(29,16,17,13)  3.13324  3.13913  3.12244
 D90 D(29,16,17,19)  0.01434  0.06176 -0.01473
 D91  D(13,17,19,1)  0.20073  0.35900  0.64971
 D92 D(13,17,19,18)  2.29004  2.44821  2.71275
 D93 D(13,17,19,20) -1.86684 -1.71554 -1.41052
 D94  D(16,17,19,1) -2.96740 -2.85726 -2.49685
 D95 D(16,17,19,18) -0.87810 -0.76805 -0.43380
 D96 D(16,17,19,20)  1.24822  1.35138  1.72611
 D97  D(3,30,31,33)  3.13909  3.13976  3.13701
 D98  D(3,30,31,36) -0.01739 -0.00708 -0.01192
 D99 D(32,30,31,33) -0.00132  0.00093 -0.00238
D100 D(32,30,31,36)  3.12537  3.13727  3.13188
D101  D(3,30,32,34)  3.14005 -3.13912 -3.13711
D102  D(3,30,32,37) -0.01777 -0.00646 -0.00264
D103 D(31,30,32,34) -0.00272 -0.00031  0.00227
D104 D(31,30,32,37)  3.12264  3.13235  3.13674
D105 D(30,31,33,35)  0.00390 -0.00089  0.00113
D106 D(30,31,33,38)  3.13732  3.13968  3.13948
D107 D(36,31,33,35) -3.12292 -3.13727 -3.13319
D108 D(36,31,33,38)  0.01050  0.00330  0.00516
D109 D(30,32,34,35)  0.00415 -0.00035 -0.00089
D110 D(30,32,34,39)  3.13854  3.13881  3.13924
D111 D(37,32,34,35) -3.12147 -3.13315 -3.13548
D112 D(37,32,34,39)  0.01292  0.00600  0.00465
D113 D(31,33,35,34) -0.00244  0.00020  0.00033
D114 D(31,33,35,50)  3.13903 -3.14066  3.14079
D115 D(38,33,35,34) -3.13608 -3.14039 -3.13812
D116 D(38,33,35,50)  0.00539  0.00193  0.00234
D117 D(32,34,35,33) -0.00152  0.00041 -0.00045
D118 D(32,34,35,50)  3.14021  3.14120 -3.14081
D119 D(39,34,35,33) -3.13576 -3.13870 -3.14055
D120 D(39,34,35,50)  0.00597  0.00209  0.00227
D121 D(33,35,50,51) -3.13765  3.13970 -3.13663
D122 D(34,35,50,51)  0.00381 -0.00112  0.00378
D123 D(15,40,41,43) -3.13723 -3.13864 -3.13492
D124 D(15,40,41,46)  0.02005  0.01029  0.01570
D125 D(42,40,41,43)  0.00233  0.00059  0.00310
D126 D(42,40,41,46) -3.12357 -3.13366 -3.12947
D127 D(15,40,42,44) -3.14155  3.13854  3.13486
D128 D(15,40,42,47)  0.01643  0.00530  0.00349
D129 D(41,40,42,44)  0.00208 -0.00067 -0.00314
D130 D(41,40,42,47) -3.12313 -3.13391 -3.13451
D131 D(40,41,43,45) -0.00466  0.00006 -0.00088
D132 D(40,41,43,48) -3.13717 -3.13918 -3.13913
D133 D(46,41,43,45)  3.12136  3.13436  3.13177
D134 D(46,41,43,48) -0.01115 -0.00487 -0.00649
D135 D(40,42,44,45) -0.00414  0.00010  0.00093
D136 D(40,42,44,49) -3.13847 -3.13916 -3.13794
D137 D(47,42,44,45)  3.12134  3.13348  3.13247
D138 D(47,42,44,49) -0.01299 -0.00578 -0.00640
D139 D(41,43,45,44)  0.00255 -0.00065 -0.00143
D140 D(41,43,45,55) -3.13836  3.14111  3.14098
D141 D(48,43,45,44)  3.13530  3.13866  3.13693
D142 D(48,43,45,55) -0.00561 -0.00277 -0.00385
D143 D(42,44,45,43)  0.00178  0.00057  0.00140
D144 D(42,44,45,55) -3.14056 -3.14121 -3.14109
D145 D(49,44,45,43)  3.13595  3.13978  3.14022
D146 D(49,44,45,55) -0.00639 -0.00199 -0.00226
D147 D(43,45,55,56)  3.13606 -3.14068  3.14014
D148 D(44,45,55,56) -0.00481  0.00109 -0.00060
D149 D(35,50,51,52)  3.13758 -3.14131  3.13796
D150 D(35,50,51,53) -1.06922 -1.06520 -1.06925
D151 D(35,50,51,54)  1.06086  1.06577  1.06183
D152 D(45,55,56,57) -3.13758 -3.14107 -3.14111
D153 D(45,55,56,58) -1.06091 -1.06505 -1.06482
D154 D(45,55,56,59)  1.06919  1.06604  1.06592
