optS0 = -1603.15481741
tdS0 = -1603.06456718
optS1 = -1603.07429304
optR1 = -1603.06798659

Name     Definition    optS0    optS1    optR1
  R1         R(1,2)  2.52247  2.52080  2.51468
  R2         R(1,5)  2.62570  2.66598  2.66170
  R3        R(1,19)  2.93699  2.91514  2.91746
  R4         R(2,3)  2.67888  2.68763  2.68723
  R5        R(2,21)  2.05641  2.05530  2.05434
  R6         R(3,4)  2.63786  2.67116  2.67111
  R7        R(3,30)  2.77969  2.74029  2.74312
  R8         R(4,5)  2.67439  2.65073  2.64737
  R9        R(4,22)  2.05282  2.04929  2.04888
 R10        R(5,12)  2.65608  2.68783  2.72850
 R11         R(6,7)  2.63179  2.63138  2.62599
 R12        R(6,11)  2.65152  2.65812  2.67626
 R13        R(6,23)  2.06136  2.06209  2.05358
 R14         R(7,8)  2.63705  2.63804  2.63836
 R15        R(7,24)  2.06017  2.06106  2.06101
 R16         R(8,9)  2.63710  2.63725  2.63824
 R17        R(8,25)  2.06059  2.06061  2.05994
 R18        R(9,10)  2.63179  2.63226  2.62603
 R19        R(9,26)  2.06015  2.06108  2.06103
 R20       R(10,11)  2.65136  2.65741  2.67618
 R21       R(10,27)  2.06121  2.06115  2.05353
 R22       R(11,12)  2.79348  2.78301  2.74920
 R23       R(12,13)  2.65598  2.68905  2.72802
 R24       R(13,14)  2.67443  2.64977  2.64764
 R25       R(13,17)  2.62422  2.66273  2.66130
 R26       R(14,15)  2.63774  2.67095  2.67077
 R27       R(14,28)  2.05327  2.05049  2.04906
 R28       R(15,16)  2.67918  2.68915  2.68721
 R29       R(15,40)  2.77958  2.73993  2.74347
 R30       R(16,17)  2.52246  2.52023  2.51497
 R31       R(16,29)  2.05628  2.05513  2.05430
 R32       R(17,19)  2.93426  2.91211  2.91706
 R33       R(18,19)  2.63092  2.63745  2.62668
 R34       R(19,20)  2.63896  2.65127  2.64079
 R35       R(30,31)  2.65734  2.67180  2.67014
 R36       R(30,32)  2.64289  2.66068  2.65890
 R37       R(31,33)  2.61811  2.60891  2.60965
 R38       R(31,36)  2.06202  2.06014  2.06023
 R39       R(32,34)  2.63725  2.62448  2.62570
 R40       R(32,37)  2.06221  2.06029  2.06049
 R41       R(33,35)  2.65146  2.65948  2.65865
 R42       R(33,38)  2.06028  2.05972  2.05976
 R43       R(34,35)  2.64253  2.65191  2.65087
 R44       R(34,39)  2.05689  2.05622  2.05634
 R45       R(35,50)  2.56132  2.54380  2.54541
 R46       R(40,41)  2.65731  2.67192  2.67002
 R47       R(40,42)  2.64301  2.66082  2.65876
 R48       R(41,43)  2.61824  2.60884  2.60974
 R49       R(41,46)  2.06213  2.06019  2.06041
 R50       R(42,44)  2.63713  2.62438  2.62594
 R51       R(42,47)  2.06217  2.06021  2.06049
 R52       R(43,45)  2.65133  2.65957  2.65859
 R53       R(43,48)  2.06029  2.05973  2.05974
 R54       R(44,45)  2.64267  2.65199  2.65074
 R55       R(44,49)  2.05688  2.05621  2.05639
 R56       R(45,55)  2.56136  2.54366  2.54562
 R57       R(50,51)  2.67764  2.68379  2.68328
 R58       R(51,52)  2.06865  2.06766  2.06775
 R59       R(51,53)  2.08110  2.07964  2.07967
 R60       R(51,54)  2.08106  2.07962  2.07970
 R61       R(55,56)  2.67763  2.68387  2.68311
 R62       R(56,57)  2.06865  2.06765  2.06780
 R63       R(56,58)  2.08105  2.07957  2.07970
 R64       R(56,59)  2.08105  2.07962  2.07975
  A1       A(2,1,5)  1.88954  1.89847  1.90927
  A2      A(2,1,19)  2.19120  2.17969  2.23192
  A3      A(5,1,19)  2.19202  2.19154  2.14200
  A4       A(1,2,3)  1.92986  1.91959  1.91347
  A5      A(1,2,21)  2.10174  2.10022  2.09959
  A6      A(3,2,21)  2.25120  2.26281  2.26999
  A7       A(2,3,4)  1.84517  1.84957  1.84889
  A8      A(2,3,30)  2.20083  2.19560  2.19746
  A9      A(4,3,30)  2.23714  2.23798  2.23684
 A10       A(3,4,5)  1.87787  1.87983  1.88412
 A11      A(3,4,22)  2.22044  2.21714  2.20395
 A12      A(5,4,22)  2.18483  2.18612  2.19156
 A13       A(1,5,4)  1.88223  1.87697  1.86902
 A14      A(1,5,12)  2.10944  2.10387  2.08470
 A15      A(4,5,12)  2.29152  2.30208  2.32213
 A16      A(7,6,11)  2.09688  2.10834  2.11993
 A17      A(7,6,23)  2.09895  2.09303  2.06678
 A18     A(11,6,23)  2.08705  2.08161  2.09581
 A19       A(6,7,8)  2.09707  2.09942  2.10719
 A20      A(6,7,24)  2.08833  2.08725  2.07969
 A21      A(8,7,24)  2.09778  2.09649  2.09622
 A22       A(7,8,9)  2.09366  2.08589  2.07363
 A23      A(7,8,25)  2.09473  2.09872  2.10461
 A24      A(9,8,25)  2.09479  2.09857  2.10462
 A25      A(8,9,10)  2.09733  2.10034  2.10725
 A26      A(8,9,26)  2.09765  2.09624  2.09625
 A27     A(10,9,26)  2.08820  2.08655  2.07961
 A28     A(9,10,11)  2.09665  2.10737  2.11991
 A29     A(9,10,27)  2.09813  2.09021  2.06681
 A30    A(11,10,27)  2.08801  2.08516  2.09581
 A31     A(6,11,10)  2.08469  2.06498  2.03649
 A32     A(6,11,12)  2.09607  2.10098  2.12194
 A33    A(10,11,12)  2.10241  2.11718  2.12283
 A34     A(5,12,11)  2.09995  2.11989  2.14934
 A35     A(5,12,13)  2.09198  2.06597  1.98311
 A36    A(11,12,13)  2.09118  2.09575  2.14831
 A37    A(12,13,14)  2.28605  2.28943  2.32142
 A38    A(12,13,17)  2.11183  2.11173  2.08529
 A39    A(14,13,17)  1.88235  1.87847  1.86902
 A40    A(13,14,15)  1.87769  1.87914  1.88413
 A41    A(13,14,28)  2.18325  2.18071  2.19168
 A42    A(15,14,28)  2.22138  2.22185  2.20354
 A43    A(14,15,16)  1.84532  1.84938  1.84895
 A44    A(14,15,40)  2.23556  2.23814  2.23585
 A45    A(16,15,40)  2.20229  2.19565  2.19837
 A46    A(15,16,17)  1.92920  1.91882  1.91337
 A47    A(15,16,29)  2.25240  2.26388  2.26983
 A48    A(17,16,29)  2.10156  2.10041  2.09980
 A49    A(13,17,16)  1.89020  1.89890  1.90928
 A50    A(13,17,19)  2.19417  2.19003  2.14164
 A51    A(16,17,19)  2.19857  2.19231  2.23225
 A52     A(1,19,17)  1.84328  1.83151  1.79022
 A53     A(1,19,18)  1.93217  1.93477  1.93273
 A54     A(1,19,20)  1.91547  1.92447  1.93091
 A55    A(17,19,18)  1.92653  1.93350  1.93265
 A56    A(17,19,20)  1.92293  1.92906  1.93179
 A57    A(18,19,20)  1.92213  1.90968  1.94053
 A58     A(3,30,31)  2.10901  2.10918  2.11078
 A59     A(3,30,32)  2.11795  2.12163  2.11978
 A60    A(31,30,32)  2.05623  2.05237  2.05263
 A61    A(30,31,33)  2.11428  2.11532  2.11524
 A62    A(30,31,36)  2.09181  2.09085  2.09137
 A63    A(33,31,36)  2.07699  2.07700  2.07655
 A64    A(30,32,34)  2.12453  2.12601  2.12598
 A65    A(30,32,37)  2.09356  2.09336  2.09346
 A66    A(34,32,37)  2.06499  2.06379  2.06373
 A67    A(31,33,35)  2.10065  2.09997  2.10016
 A68    A(31,33,38)  2.11534  2.11806  2.11764
 A69    A(35,33,38)  2.06716  2.06515  2.06538
 A70    A(32,34,35)  2.08734  2.08673  2.08675
 A71    A(32,34,39)  2.08002  2.08261  2.08196
 A72    A(35,34,39)  2.11580  2.11384  2.11448
 A73    A(33,35,34)  2.08333  2.08598  2.08561
 A74    A(33,35,50)  2.02481  2.02412  2.02398
 A75    A(34,35,50)  2.17505  2.17308  2.17359
 A76    A(15,40,41)  2.10770  2.10846  2.11009
 A77    A(15,40,42)  2.11923  2.12229  2.12026
 A78    A(41,40,42)  2.05625  2.05243  2.05283
 A79    A(40,41,43)  2.11443  2.11533  2.11523
 A80    A(40,41,46)  2.09098  2.09031  2.09107
 A81    A(43,41,46)  2.07767  2.07753  2.07685
 A82    A(40,42,44)  2.12433  2.12590  2.12577
 A83    A(40,42,47)  2.09385  2.09344  2.09339
 A84    A(44,42,47)  2.06490  2.06382  2.06398
 A85    A(41,43,45)  2.10047  2.09989  2.10004
 A86    A(41,43,48)  2.11544  2.11818  2.11771
 A87    A(45,43,48)  2.06724  2.06511  2.06544
 A88    A(42,44,45)  2.08752  2.08677  2.08677
 A89    A(42,44,49)  2.08001  2.08264  2.08197
 A90    A(45,44,49)  2.11563  2.11377  2.11444
 A91    A(43,45,44)  2.08335  2.08605  2.08573
 A92    A(43,45,55)  2.02499  2.02410  2.02390
 A93    A(44,45,55)  2.17484  2.17304  2.17355
 A94    A(35,50,51)  2.04783  2.05580  2.05506
 A95    A(50,51,52)  1.85238  1.84958  1.84979
 A96    A(50,51,53)  1.94048  1.93687  1.93720
 A97    A(50,51,54)  1.94052  1.93692  1.93710
 A98    A(52,51,53)  1.91072  1.91352  1.91315
 A99    A(52,51,54)  1.91097  1.91349  1.91333
A100    A(53,51,54)  1.90788  1.91251  1.91232
A101    A(45,55,56)  2.04774  2.05590  2.05486
A102    A(55,56,57)  1.85240  1.84954  1.84995
A103    A(55,56,58)  1.94050  1.93687  1.93710
A104    A(55,56,59)  1.94056  1.93685  1.93716
A105    A(57,56,58)  1.91094  1.91346  1.91338
A106    A(57,56,59)  1.91069  1.91352  1.91324
A107    A(58,56,59)  1.90787  1.91265  1.91207
  D1     D(5,1,2,3)  0.00026 -0.01224  0.00093
  D2    D(5,1,2,21) -3.11425 -3.12120 -3.12454
  D3    D(19,1,2,3)  2.99385  2.96151  3.13906
  D4   D(19,1,2,21) -0.12066 -0.14745  0.01359
  D5     D(2,1,5,4)  0.00839  0.02295 -0.00423
  D6    D(2,1,5,12) -3.13435 -3.09671 -3.03245
  D7    D(19,1,5,4) -2.98511 -2.94937  3.14061
  D8   D(19,1,5,12)  0.15534  0.21415  0.11239
  D9   D(2,1,19,17)  3.08225  2.94821  2.49677
 D10   D(2,1,19,18)  0.99683  0.86006  0.43411
 D11   D(2,1,19,20) -1.12856 -1.25741 -1.72558
 D12   D(5,1,19,17) -0.23241 -0.38907 -0.64870
 D13   D(5,1,19,18) -2.31783 -2.47722 -2.71136
 D14   D(5,1,19,20)  1.83996  1.68850  1.41213
 D15     D(1,2,3,4) -0.00883 -0.00308  0.00268
 D16    D(1,2,3,30) -3.14083 -3.13622 -3.13495
 D17    D(21,2,3,4)  3.10272  3.10193  3.12609
 D18   D(21,2,3,30) -0.02927 -0.03121 -0.01154
 D19     D(2,3,4,5)  0.01363  0.01716 -0.00523
 D20    D(2,3,4,22) -3.13872 -3.13876  3.04950
 D21    D(30,3,4,5) -3.13783 -3.13316  3.13228
 D22   D(30,3,4,22) -0.00699 -0.00589 -0.09617
 D23   D(2,3,30,31)  2.80056  3.04883  3.05680
 D24   D(2,3,30,32) -0.34226 -0.09560 -0.08708
 D25   D(4,3,30,31) -0.32928 -0.08242 -0.07995
 D26   D(4,3,30,32)  2.81108  3.05634  3.05935
 D27     D(3,4,5,1) -0.01386 -0.02456  0.00583
 D28    D(3,4,5,12)  3.12904  3.09165  3.01220
 D29    D(22,4,5,1)  3.13821  3.13103 -3.04968
 D30   D(22,4,5,12) -0.00207 -0.03594 -0.04331
 D31   D(1,5,12,11)  3.12536 -3.13852 -2.69642
 D32   D(1,5,12,13) -0.00236  0.06330  0.51797
 D33   D(4,5,12,11) -0.01768  0.03117  0.59369
 D34   D(4,5,12,13)  3.13779 -3.05020 -2.47510
 D35    D(11,6,7,8) -0.01300 -0.00230  0.01544
 D36   D(11,6,7,24)  3.12654  3.13119 -3.14002
 D37    D(23,6,7,8) -3.12773 -3.12190 -3.08692
 D38   D(23,6,7,24)  0.01180  0.01159  0.04081
 D39   D(7,6,11,10)  0.00919  0.00732 -0.05904
 D40   D(7,6,11,12) -3.13673  3.13855 -3.13502
 D41  D(23,6,11,10)  3.12411  3.12707  3.04268
 D42  D(23,6,11,12) -0.02182 -0.02489 -0.03330
 D43     D(6,7,8,9)  0.00472 -0.00330  0.03060
 D44    D(6,7,8,25) -3.13572  3.14112 -3.13859
 D45    D(24,7,8,9) -3.13480 -3.13675 -3.09700
 D46   D(24,7,8,25)  0.00794  0.00767  0.01700
 D47    D(7,8,9,10)  0.00736  0.00373 -0.03068
 D48    D(7,8,9,26) -3.13075 -3.12675  3.09725
 D49   D(25,8,9,10) -3.13538 -3.14069  3.13851
 D50   D(25,8,9,26)  0.00970  0.01202 -0.01675
 D51   D(8,9,10,11) -0.01112  0.00145 -0.01529
 D52   D(8,9,10,27) -3.12227 -3.10810  3.08731
 D53  D(26,9,10,11)  3.12700  3.13199  3.13984
 D54  D(26,9,10,27)  0.01585  0.02244 -0.04074
 D55   D(9,10,11,6)  0.00285 -0.00690  0.05897
 D56  D(9,10,11,12) -3.13439 -3.13802  3.13491
 D57  D(27,10,11,6)  3.11418  3.10274 -3.04299
 D58 D(27,10,11,12) -0.02307 -0.02838  0.03295
 D59   D(6,11,12,5)  2.24089  2.35171 -3.13933
 D60  D(6,11,12,13) -0.91456 -0.85112 -0.07735
 D61  D(10,11,12,5) -0.90507 -0.80056  0.07113
 D62 D(10,11,12,13)  2.22265  2.27979  3.13310
 D63  D(5,12,13,14)  3.02050  2.94820  2.47506
 D64  D(5,12,13,17) -0.02782 -0.09095 -0.51688
 D65 D(11,12,13,14) -0.10729 -0.13403 -0.59379
 D66 D(11,12,13,17)  3.12758  3.11000  2.69746
 D67 D(12,13,14,15) -3.06352 -3.04081 -3.01009
 D68 D(12,13,14,28)  0.03599  0.04593  0.04212
 D69 D(17,13,14,15) -0.00590  0.00867 -0.00471
 D70 D(17,13,14,28)  3.09361  3.09541  3.04750
 D71 D(12,13,17,16)  3.07171  3.04969  3.03050
 D72 D(12,13,17,19) -0.09271 -0.15585 -0.11485
 D73 D(14,13,17,16)  0.00405 -0.01105  0.00322
 D74 D(14,13,17,19)  3.12282  3.06660  3.14106
 D75 D(13,14,15,16)  0.00536 -0.00334  0.00440
 D76 D(13,14,15,40)  3.14138  3.13318 -3.13313
 D77 D(28,14,15,16) -3.09296 -3.08840 -3.04703
 D78 D(28,14,15,40)  0.04306  0.04811  0.09862
 D79 D(14,15,16,17) -0.00300 -0.00357 -0.00246
 D80 D(14,15,16,29) -3.13598 -3.13224 -3.12299
 D81 D(40,15,16,17) -3.13916 -3.14024  3.13518
 D82 D(40,15,16,29)  0.01105  0.01426  0.01465
 D83 D(14,15,40,41)  0.34505  0.09201  0.10572
 D84 D(14,15,40,42) -2.79442 -3.04715 -3.03216
 D85 D(16,15,40,41) -2.80319 -3.05560 -3.03104
 D86 D(16,15,40,42)  0.34052  0.08843  0.11426
 D87 D(15,16,17,13) -0.00066  0.00905 -0.00045
 D88 D(15,16,17,19) -3.11936 -3.06849 -3.13803
 D89 D(29,16,17,13)  3.13317  3.13913  3.12247
 D90 D(29,16,17,19)  0.01448  0.06159 -0.01512
 D91  D(13,17,19,1)  0.20120  0.35914  0.64992
 D92 D(13,17,19,18)  2.29033  2.44814  2.71263
 D93 D(13,17,19,20) -1.86621 -1.71534 -1.41029
 D94  D(16,17,19,1) -2.96717 -2.85693 -2.49617
 D95 D(16,17,19,18) -0.87804 -0.76793 -0.43346
 D96 D(16,17,19,20)  1.24861  1.35178  1.72681
 D97  D(3,30,31,33)  3.13906  3.13978  3.13702
 D98  D(3,30,31,36) -0.01751 -0.00712 -0.01195
 D99 D(32,30,31,33) -0.00135  0.00092 -0.00237
D100 D(32,30,31,36)  3.12526  3.13720  3.13185
D101  D(3,30,32,34)  3.14007 -3.13914 -3.13711
D102  D(3,30,32,37) -0.01779 -0.00650 -0.00269
D103 D(31,30,32,34) -0.00271 -0.00030  0.00226
D104 D(31,30,32,37)  3.12261  3.13234  3.13668
D105 D(30,31,33,35)  0.00392 -0.00088  0.00112
D106 D(30,31,33,38)  3.13729  3.13966  3.13947
D107 D(36,31,33,35) -3.12282 -3.13720 -3.13315
D108 D(36,31,33,38)  0.01055  0.00333  0.00519
D109 D(30,32,34,35)  0.00417 -0.00035 -0.00089
D110 D(30,32,34,39)  3.13854  3.13880  3.13922
D111 D(37,32,34,35) -3.12141 -3.13314 -3.13543
D112 D(37,32,34,39)  0.01297  0.00601  0.00469
D113 D(31,33,35,34) -0.00243  0.00020  0.00032
D114 D(31,33,35,50)  3.13902 -3.14066  3.14079
D115 D(38,33,35,34) -3.13602 -3.14037 -3.13812
D116 D(38,33,35,50)  0.00543  0.00195  0.00236
D117 D(32,34,35,33) -0.00154  0.00041 -0.00044
D118 D(32,34,35,50)  3.14020  3.14121 -3.14081
D119 D(39,34,35,33) -3.13576 -3.13870 -3.14053
D120 D(39,34,35,50)  0.00598  0.00210  0.00229
D121 D(33,35,50,51) -3.13761  3.13977 -3.13661
D122 D(34,35,50,51)  0.00384 -0.00106  0.00380
D123 D(15,40,41,43) -3.13720 -3.13867 -3.13492
D124 D(15,40,41,46)  0.02013  0.01027  0.01569
D125 D(42,40,41,43)  0.00235  0.00059  0.00311
D126 D(42,40,41,46) -3.12351 -3.13367 -3.12947
D127 D(15,40,42,44) -3.14157  3.13857  3.13486
D128 D(15,40,42,47)  0.01645  0.00532  0.00348
D129 D(41,40,42,44)  0.00208 -0.00066 -0.00314
D130 D(41,40,42,47) -3.12309 -3.13391 -3.13452
D131 D(40,41,43,45) -0.00468  0.00005 -0.00089
D132 D(40,41,43,48) -3.13716 -3.13918 -3.13914
D133 D(46,41,43,45)  3.12130  3.13435  3.13177
D134 D(46,41,43,48) -0.01118 -0.00488 -0.00649
D135 D(40,42,44,45) -0.00415  0.00009  0.00094
D136 D(40,42,44,49) -3.13846 -3.13917 -3.13794
D137 D(47,42,44,45)  3.12128  3.13348  3.13248
D138 D(47,42,44,49) -0.01303 -0.00578 -0.00639
D139 D(41,43,45,44)  0.00255 -0.00063 -0.00142
D140 D(41,43,45,55) -3.13836  3.14113  3.14099
D141 D(48,43,45,44)  3.13528  3.13867  3.13694
D142 D(48,43,45,55) -0.00563 -0.00276 -0.00384
D143 D(42,44,45,43)  0.00179  0.00056  0.00139
D144 D(42,44,45,55) -3.14055 -3.14121 -3.14109
D145 D(49,44,45,43)  3.13595  3.13978  3.14021
D146 D(49,44,45,55) -0.00639 -0.00200 -0.00227
D147 D(43,45,55,56)  3.13611 -3.14072  3.14011
D148 D(44,45,55,56) -0.00476  0.00105 -0.00063
D149 D(35,50,51,52)  3.13756 -3.14135  3.13794
D150 D(35,50,51,53) -1.06924 -1.06524 -1.06928
D151 D(35,50,51,54)  1.06084  1.06574  1.06181
D152 D(45,55,56,57) -3.13760 -3.14104 -3.14109
D153 D(45,55,56,58) -1.06093 -1.06503 -1.06480
D154 D(45,55,56,59)  1.06917  1.06607  1.06594
