optS0 = -1116.64839179
tdS0  = -1116.54174888
optS1 = -1116.55225399
optR1 = -1116.55023103

Name     Definition  -optS0_Value  -optS1_Value  -optR1_Value
  R1         R(1,2)        1.5543        1.5450        1.5526
  R2        R(1,11)        1.5551        1.5473        1.5523
  R3        R(1,19)        1.3929        1.3924        1.3925
  R4        R(1,20)        1.3956        1.3982        1.3854
  R5         R(2,3)        1.3371        1.3368        1.3332
  R6         R(2,9)        1.3888        1.4008        1.3989
  R7         R(3,4)        1.0879        1.0881        1.0876
  R8         R(3,5)        1.4107        1.4224        1.4207
  R9         R(5,6)        1.0852        1.0862        1.0860
 R10         R(5,7)        1.3878        1.3854        1.3870
 R11         R(7,8)        1.0865        1.0856        1.0854
 R12         R(7,9)        1.4196        1.4281        1.4246
 R13        R(9,10)        1.4021        1.4246        1.4424
 R14       R(10,18)        1.4021        1.4236        1.4425
 R15       R(10,21)        1.4816        1.4654        1.4421
 R16       R(11,12)        1.3371        1.3368        1.3333
 R17       R(11,18)        1.3891        1.4033        1.3987
 R18       R(12,13)        1.0879        1.0882        1.0877
 R19       R(12,14)        1.4105        1.4217        1.4207
 R20       R(14,15)        1.0853        1.0862        1.0861
 R21       R(14,16)        1.3879        1.3856        1.3870
 R22       R(16,17)        1.0864        1.0849        1.0855
 R23       R(16,18)        1.4195        1.4285        1.4246
 R24       R(21,22)        1.4025        1.4095        1.4182
 R25       R(21,29)        1.4024        1.4090        1.4183
 R26       R(22,23)        1.0899        1.0902        1.0873
 R27       R(22,24)        1.3903        1.3871        1.3836
 R28       R(24,25)        1.0878        1.0879        1.0878
 R29       R(24,26)        1.3896        1.3924        1.3938
 R30       R(26,27)        1.3895        1.3917        1.3938
 R31       R(26,31)        1.4752        1.4665        1.4620
 R32       R(27,28)        1.0878        1.0879        1.0878
 R33       R(27,29)        1.3903        1.3877        1.3836
 R34       R(29,30)        1.0899        1.0895        1.0874
 R35       R(31,32)        1.2128        1.2152        1.2163
 R36       R(31,33)        1.2128        1.2152        1.2163
  A1      A(2,1,11)      105.7594      104.7375      102.3614
  A2      A(2,1,19)      110.2598      110.5794      110.4912
  A3      A(2,1,20)      110.2405      110.6292      110.5692
  A4     A(11,1,19)      110.5768      110.7341      110.5081
  A5     A(11,1,20)      109.8435      110.1814      110.5892
  A6     A(19,1,20)      110.0817      109.8846      111.9309
  A7       A(1,2,3)      125.9506      125.6489      128.7730
  A8       A(1,2,9)      125.9050      125.8980      122.3453
  A9       A(3,2,9)      108.1443      108.4374      108.8543
 A10       A(2,3,4)      120.6322      120.7977      120.7661
 A11       A(2,3,5)      110.2175      109.8380      109.5962
 A12       A(4,3,5)      129.1492      129.3621      129.6375
 A13       A(3,5,6)      125.7316      125.3290      125.5251
 A14       A(3,5,7)      106.6517      107.0479      107.0345
 A15       A(6,5,7)      127.6128      127.6164      127.4392
 A16       A(5,7,8)      127.4994      127.5396      127.1688
 A17       A(5,7,9)      107.0152      107.0507      107.1116
 A18       A(8,7,9)      125.4746      125.3701      125.6730
 A19       A(2,9,7)      107.9696      107.6246      107.3800
 A20      A(2,9,10)      120.9036      121.5543      119.7976
 A21      A(7,9,10)      131.0172      130.6406      132.5018
 A22     A(9,10,18)      120.2333      117.6956      111.4986
 A23     A(9,10,21)      119.7310      120.3329      124.1495
 A24    A(18,10,21)      120.0326      121.8951      124.0307
 A25     A(1,11,12)      125.7341      124.7849      128.8126
 A26     A(1,11,18)      125.8612      126.0356      122.3066
 A27    A(12,11,18)      108.1313      108.4087      108.8498
 A28    A(11,12,13)      120.6340      120.8063      120.7754
 A29    A(11,12,14)      110.2309      109.8861      109.5979
 A30    A(13,12,14)      129.1330      129.2932      129.6264
 A31    A(12,14,15)      125.7523      125.3875      125.5254
 A32    A(12,14,16)      106.6508      107.0754      107.0324
 A33    A(15,14,16)      127.5963      127.5339      127.4411
 A34    A(14,16,17)      127.4471      127.1983      127.1912
 A35    A(14,16,18)      107.0189      107.0874      107.1040
 A36    A(17,16,18)      125.5323      125.7109      125.6587
 A37    A(10,18,11)      120.8315      120.9745      119.8551
 A38    A(10,18,16)      131.2010      131.4911      132.4322
 A39    A(11,18,16)      107.9647      107.5342      107.3918
 A40    A(10,21,22)      119.9378      120.0719      121.1689
 A41    A(10,21,29)      120.1139      121.1754      121.0997
 A42    A(22,21,29)      119.9481      118.7508      117.6451
 A43    A(21,22,23)      119.9042      119.6461      120.1926
 A44    A(21,22,24)      120.2714      120.9218      121.3260
 A45    A(23,22,24)      119.8126      119.4073      118.4559
 A46    A(22,24,25)      121.6371      121.5290      121.2639
 A47    A(22,24,26)      118.3250      118.5646      118.9054
 A48    A(25,24,26)      120.0378      119.9028      119.8274
 A49    A(24,26,27)      122.8534      122.2726      121.7934
 A50    A(24,26,31)      118.5622      118.8633      119.0905
 A51    A(27,26,31)      118.5844      118.8638      119.0994
 A52    A(26,27,28)      120.0473      119.8854      119.8308
 A53    A(26,27,29)      118.3205      118.6311      118.9061
 A54    A(28,27,29)      121.6319      121.4780      121.2598
 A55    A(21,29,27)      120.2786      120.8569      121.3238
 A56    A(21,29,30)      119.9049      119.8743      120.1654
 A57    A(27,29,30)      119.8017      119.2213      118.4830
 A58    A(26,31,32)      117.6090      117.7883      117.8481
 A59    A(26,31,33)      117.6336      117.8195      117.8653
 A60    A(32,31,33)      124.7574      124.3922      124.2866
  D1    D(11,1,2,3)     -172.9562     -164.6489      141.9098
  D2    D(11,1,2,9)        6.9197       16.9598      -35.9665
  D3    D(19,1,2,3)      -53.3893      -45.3220     -100.3940
  D4    D(19,1,2,9)      126.4866      136.2867       81.7296
  D5    D(20,1,2,3)       68.3595       76.6530       24.0852
  D6    D(20,1,2,9)     -111.7646     -101.7383     -153.7912
  D7   D(2,1,11,12)      178.5284      171.8277     -141.8537
  D8   D(2,1,11,18)       -8.2005      -19.4107       35.8854
  D9  D(19,1,11,12)       59.1703       52.6048      100.4622
 D10  D(19,1,11,18)     -127.5585     -138.6336      -81.7988
 D11  D(20,1,11,12)      -62.5241      -69.1719      -24.0432
 D12  D(20,1,11,18)      110.7471       99.5897      153.6958
 D13     D(1,2,3,4)        0.2096        2.1356        2.2123
 D14     D(1,2,3,5)      179.8658     -178.3562     -177.6394
 D15     D(9,2,3,4)     -179.6846     -179.2380     -179.6835
 D16     D(9,2,3,5)       -0.0285        0.2702        0.4648
 D17     D(1,2,9,7)     -179.6192      178.5636      176.9876
 D18    D(1,2,9,10)       -3.0261       -5.8306        2.7012
 D19     D(3,2,9,7)        0.2751       -0.0585       -1.2630
 D20    D(3,2,9,10)      176.8682      175.5473     -175.5494
 D21     D(2,3,5,6)     -179.5595     -179.4994     -179.8320
 D22     D(2,3,5,7)       -0.2332       -0.3825        0.5356
 D23     D(4,3,5,6)        0.0590       -0.0459        0.3334
 D24     D(4,3,5,7)      179.3853      179.0711     -179.2990
 D25     D(3,5,7,8)     -178.4503     -177.4583      176.3239
 D26     D(3,5,7,9)        0.3913        0.3323       -1.2883
 D27     D(6,5,7,8)        0.8593        1.6323       -3.2993
 D28     D(6,5,7,9)      179.7009      179.4229      179.0886
 D29     D(5,7,9,2)       -0.4165       -0.1780        1.5747
 D30    D(5,7,9,10)     -176.5414     -175.2421      174.8452
 D31     D(8,7,9,2)      178.4550      177.6735     -176.0830
 D32    D(8,7,9,10)        2.3301        2.6095       -2.8125
 D33   D(2,9,10,18)       -1.1079       -6.4517       35.1954
 D34   D(2,9,10,21)      179.5277      176.6683     -151.0960
 D35   D(7,9,10,18)      174.5954      168.0261     -137.4002
 D36   D(7,9,10,21)       -4.7690       -8.8540       36.3084
 D37  D(9,10,18,11)       -0.1255        4.1586      -35.2794
 D38  D(9,10,18,16)      179.1802     -175.6472      137.3144
 D39 D(21,10,18,11)      179.2370     -179.0132      151.0032
 D40 D(21,10,18,16)       -1.4573        1.1810      -36.4031
 D41  D(9,10,21,22)      -54.8890      -46.0573        4.8999
 D42  D(9,10,21,29)      124.9136      133.4342     -178.5575
 D43 D(18,10,21,22)      125.7452      137.1966      177.8328
 D44 D(18,10,21,29)      -54.4521      -43.3120       -5.6246
 D45  D(1,11,12,13)       -5.2991       -8.6481       -2.3519
 D46  D(1,11,12,14)      174.2155      170.0971      177.4844
 D47 D(18,11,12,13)     -179.5645     -179.0870      179.6672
 D48 D(18,11,12,14)       -0.0498       -0.3419       -0.4965
 D49  D(1,11,18,10)        5.5930       10.6517       -2.5623
 D50  D(1,11,18,16)     -173.8579     -169.5008     -176.8405
 D51 D(12,11,18,10)      179.8491     -179.0603      175.5763
 D52 D(12,11,18,16)        0.3983        0.7871        1.2981
 D53 D(11,12,14,15)      179.9676     -179.6399      179.8408
 D54 D(11,12,14,16)       -0.3237       -0.2494       -0.5198
 D55 D(13,12,14,15)       -0.5708       -1.0325       -0.3418
 D56 D(13,12,14,16)      179.1380      178.3580      179.2976
 D57 D(12,14,16,17)     -179.0062     -178.6307     -176.3337
 D58 D(12,14,16,18)        0.5532        0.7217        1.2942
 D59 D(15,14,16,17)        0.6955        0.7428        3.2967
 D60 D(15,14,16,18)     -179.7451     -179.9049     -179.0754
 D61 D(14,16,18,10)     -179.9677      178.8930     -174.8717
 D62 D(14,16,18,11)       -0.5944       -0.9323       -1.5995
 D63 D(17,16,18,10)       -0.3976       -1.7423        2.8026
 D64 D(17,16,18,11)      178.9757      178.4323      176.0748
 D65 D(10,21,22,23)       -1.1114       -1.8068        1.6263
 D66 D(10,21,22,24)     -179.8573     -179.9851      179.7634
 D67 D(29,21,22,23)      179.0856      178.6895     -175.0318
 D68 D(29,21,22,24)        0.3397        0.5112        3.1054
 D69 D(10,21,29,27)     -179.6280     -179.7686     -179.7463
 D70 D(10,21,29,30)       -1.0264       -2.2950       -1.6914
 D71 D(22,21,29,27)        0.1747       -0.2706       -3.0857
 D72 D(22,21,29,30)      178.7762      177.2030      174.9691
 D73 D(21,22,24,25)      179.3457      178.9806      179.9505
 D74 D(21,22,24,26)       -0.5236       -0.3258       -0.7074
 D75 D(23,22,24,25)        0.5986        0.7980       -1.8809
 D76 D(23,22,24,26)     -179.2707     -178.5084      177.4612
 D77 D(22,24,26,27)        0.2104       -0.1076       -1.8695
 D78 D(22,24,26,31)     -179.7524     -179.8991      179.6299
 D79 D(25,24,26,27)     -179.6611     -179.4256      177.4822
 D80 D(25,24,26,31)        0.3761        0.7829       -1.0184
 D81 D(24,26,27,28)     -179.5243     -178.8169     -177.4522
 D82 D(24,26,27,29)        0.2917        0.3414        1.8885
 D83 D(31,26,27,28)        0.4385        0.9746        1.0483
 D84 D(31,26,27,29)     -179.7455     -179.8671     -179.6110
 D85 D(24,26,31,32)        0.0920        1.3392       -0.9552
 D86 D(24,26,31,33)     -179.8875     -178.6633      179.0829
 D87 D(27,26,31,32)     -179.8724     -178.4595     -179.4966
 D88 D(27,26,31,33)        0.1481        1.5380        0.5414
 D89 D(26,27,29,21)       -0.4799       -0.1443        0.6689
 D90 D(26,27,29,30)     -179.0829     -177.6342     -177.4178
 D91 D(28,27,29,21)      179.3330      179.0000      179.9998
 D92 D(28,27,29,30)        0.7300        1.5101        1.9131
