optS0 = -1116.64839179
tdS0 = -1116.54174888
optS1 = -1116.55225399
optR1 = -1116.55023103

Name     Definition    optS0    optS1    optR1
  R1         R(1,2)  2.93719  2.91961  2.93390
  R2        R(1,11)  2.93872  2.92405  2.93341
  R3        R(1,19)  2.63224  2.63118  2.63141
  R4        R(1,20)  2.63729  2.64227  2.61795
  R5         R(2,3)  2.52667  2.52613  2.51937
  R6         R(2,9)  2.62448  2.64709  2.64355
  R7         R(3,4)  2.05579  2.05627  2.05535
  R8         R(3,5)  2.66574  2.68790  2.68483
  R9         R(5,6)  2.05081  2.05254  2.05230
 R10         R(5,7)  2.62265  2.61803  2.62099
 R11         R(7,8)  2.05315  2.05151  2.05106
 R12         R(7,9)  2.68257  2.69868  2.69212
 R13        R(9,10)  2.64962  2.69217  2.72579
 R14       R(10,18)  2.64960  2.69022  2.72586
 R15       R(10,21)  2.79984  2.76924  2.72518
 R16       R(11,12)  2.52669  2.52619  2.51950
 R17       R(11,18)  2.62507  2.65179  2.64315
 R18       R(12,13)  2.05584  2.05642  2.05541
 R19       R(12,14)  2.66552  2.68659  2.68483
 R20       R(14,15)  2.05083  2.05255  2.05234
 R21       R(14,16)  2.62271  2.61832  2.62107
 R22       R(16,17)  2.05304  2.05016  2.05134
 R23       R(16,18)  2.68256  2.69954  2.69217
 R24       R(21,22)  2.65035  2.66366  2.67997
 R25       R(21,29)  2.65019  2.66256  2.68017
 R26       R(22,23)  2.05970  2.06014  2.05469
 R27       R(22,24)  2.62727  2.62123  2.61466
 R28       R(24,25)  2.05557  2.05578  2.05567
 R29       R(24,26)  2.62590  2.63128  2.63396
 R30       R(26,27)  2.62585  2.62996  2.63393
 R31       R(26,31)  2.78779  2.77135  2.76274
 R32       R(27,28)  2.05557  2.05579  2.05571
 R33       R(27,29)  2.62727  2.62236  2.61464
 R34       R(29,30)  2.05955  2.05889  2.05493
 R35       R(31,32)  2.29191  2.29642  2.29844
 R36       R(31,33)  2.29192  2.29647  2.29840
  A1      A(2,1,11)  1.84585  1.82801  1.78654
  A2      A(2,1,19)  1.92440  1.92998  1.92843
  A3      A(2,1,20)  1.92406  1.93084  1.92980
  A4     A(11,1,19)  1.92993  1.93267  1.92873
  A5     A(11,1,20)  1.91713  1.92303  1.93015
  A6     A(19,1,20)  1.92129  1.91785  1.95356
  A7       A(1,2,3)  2.19825  2.19299  2.24751
  A8       A(1,2,9)  2.19746  2.19734  2.13533
  A9       A(3,2,9)  1.88747  1.89259  1.89987
 A10       A(2,3,4)  2.10543  2.10832  2.10777
 A11       A(2,3,5)  1.92366  1.91704  1.91282
 A12       A(4,3,5)  2.25408  2.25779  2.26260
 A13       A(3,5,6)  2.19443  2.18740  2.19083
 A14       A(3,5,7)  1.86142  1.86834  1.86810
 A15       A(6,5,7)  2.22726  2.22733  2.22423
 A16       A(5,7,8)  2.22528  2.22598  2.21951
 A17       A(5,7,9)  1.86777  1.86839  1.86945
 A18       A(8,7,9)  2.18994  2.18812  2.19341
 A19       A(2,9,7)  1.88442  1.87840  1.87414
 A20      A(2,9,10)  2.11017  2.12152  2.09086
 A21      A(7,9,10)  2.28668  2.28011  2.31259
 A22     A(9,10,18)  2.09847  2.05418  1.94602
 A23     A(9,10,21)  2.08970  2.10021  2.16682
 A24    A(18,10,21)  2.09497  2.12747  2.16475
 A25     A(1,11,12)  2.19448  2.17791  2.24820
 A26     A(1,11,18)  2.19669  2.19974  2.13465
 A27    A(12,11,18)  1.88725  1.89209  1.89979
 A28    A(11,12,13)  2.10546  2.10847  2.10793
 A29    A(11,12,14)  1.92389  1.91788  1.91285
 A30    A(13,12,14)  2.25380  2.25659  2.26241
 A31    A(12,14,15)  2.19479  2.18842  2.19083
 A32    A(12,14,16)  1.86141  1.86882  1.86807
 A33    A(15,14,16)  2.22697  2.22589  2.22427
 A34    A(14,16,17)  2.22437  2.22003  2.21991
 A35    A(14,16,18)  1.86783  1.86903  1.86932
 A36    A(17,16,18)  2.19095  2.19407  2.19316
 A37    A(10,18,11)  2.10891  2.11140  2.09187
 A38    A(10,18,16)  2.28989  2.29495  2.31138
 A39    A(11,18,16)  1.88434  1.87683  1.87434
 A40    A(10,21,22)  2.09331  2.09565  2.11480
 A41    A(10,21,29)  2.09638  2.11491  2.11359
 A42    A(22,21,29)  2.09349  2.07259  2.05329
 A43    A(21,22,23)  2.09272  2.08822  2.09776
 A44    A(21,22,24)  2.09913  2.11048  2.11754
 A45    A(23,22,24)  2.09112  2.08405  2.06745
 A46    A(22,24,25)  2.12297  2.12108  2.11645
 A47    A(22,24,26)  2.06516  2.06934  2.07529
 A48    A(25,24,26)  2.09505  2.09270  2.09138
 A49    A(24,26,27)  2.14420  2.13406  2.12570
 A50    A(24,26,31)  2.06930  2.07455  2.07852
 A51    A(27,26,31)  2.06969  2.07456  2.07868
 A52    A(26,27,28)  2.09522  2.09239  2.09144
 A53    A(26,27,29)  2.06508  2.07050  2.07530
 A54    A(28,27,29)  2.12288  2.12019  2.11638
 A55    A(21,29,27)  2.09926  2.10935  2.11750
 A56    A(21,29,30)  2.09274  2.09220  2.09728
 A57    A(27,29,30)  2.09093  2.08081  2.06792
 A58    A(26,31,32)  2.05267  2.05579  2.05684
 A59    A(26,31,33)  2.05309  2.05634  2.05714
 A60    A(32,31,33)  2.17743  2.17105  2.16921
  D1    D(11,1,2,3) -3.01865 -2.87368  2.47678
  D2    D(11,1,2,9)  0.12079  0.29598 -0.62774
  D3    D(19,1,2,3) -0.93181 -0.79104 -1.75222
  D4    D(19,1,2,9)  2.20762  2.37863  1.42645
  D5    D(20,1,2,3)  1.19311  1.33783  0.42035
  D6    D(20,1,2,9) -1.95064 -1.77569 -2.68417
  D7   D(2,1,11,12)  3.11590  2.99895 -2.47581
  D8   D(2,1,11,18) -0.14314 -0.33875  0.62632
  D9  D(19,1,11,12)  1.03271  0.91812  1.75340
 D10  D(19,1,11,18) -2.22633 -2.41958 -1.42765
 D11  D(20,1,11,12) -1.09126 -1.20728 -0.41963
 D12  D(20,1,11,18)  1.93288  1.73820  2.68250
 D13     D(1,2,3,4)  0.00366  0.03727  0.03862
 D14     D(1,2,3,5)  3.13926 -3.11291 -3.10039
 D15     D(9,2,3,4) -3.13609 -3.12829 -3.13607
 D16     D(9,2,3,5) -0.00050  0.00472  0.00811
 D17     D(1,2,9,7) -3.13495  3.11653  3.08901
 D18    D(1,2,9,10) -0.05283 -0.10176  0.04714
 D19     D(3,2,9,7)  0.00480 -0.00102 -0.02204
 D20    D(3,2,9,10)  3.08693  3.06388 -3.06391
 D21     D(2,3,5,6) -3.13390 -3.13286 -3.13866
 D22     D(2,3,5,7) -0.00407 -0.00668  0.00935
 D23     D(4,3,5,6)  0.00103 -0.00080  0.00582
 D24     D(4,3,5,7)  3.13086  3.12538 -3.12936
 D25     D(3,5,7,8) -3.11454 -3.09723  3.07743
 D26     D(3,5,7,9)  0.00683  0.00581 -0.02248
 D27     D(6,5,7,8)  0.01500  0.02849 -0.05758
 D28     D(6,5,7,9)  3.13637  3.13153  3.12569
 D29     D(5,7,9,2) -0.00727 -0.00311  0.02748
 D30    D(5,7,9,10) -3.08122 -3.05856  3.05162
 D31     D(8,7,9,2)  3.11463  3.10098 -3.07323
 D32    D(8,7,9,10)  0.04067  0.04554 -0.04909
 D33   D(2,9,10,18) -0.01934 -0.11260  0.61428
 D34   D(2,9,10,21)  3.13335  3.08344 -2.63712
 D35   D(7,9,10,18)  3.04726  2.93261 -2.39808
 D36   D(7,9,10,21) -0.08324 -0.15454  0.63370
 D37  D(9,10,18,11) -0.00219  0.07259 -0.61574
 D38  D(9,10,18,16)  3.12729 -3.06563  2.39658
 D39 D(21,10,18,11)  3.12827 -3.12436  2.63550
 D40 D(21,10,18,16) -0.02543  0.02061 -0.63536
 D41  D(9,10,21,22) -0.95800 -0.80385  0.08553
 D42  D(9,10,21,29)  2.18015  2.32888 -3.11641
 D43 D(18,10,21,22)  2.19467  2.39453  3.10377
 D44 D(18,10,21,29) -0.95037 -0.75594 -0.09817
 D45  D(1,11,12,13) -0.09249 -0.15092 -0.04105
 D46  D(1,11,12,14)  3.04063  2.96878  3.09768
 D47 D(18,11,12,13) -3.13399 -3.12567  3.13579
 D48 D(18,11,12,14) -0.00087 -0.00597 -0.00867
 D49  D(1,11,18,10)  0.09762  0.18588 -0.04472
 D50  D(1,11,18,16) -3.03439 -2.95836 -3.08645
 D51 D(12,11,18,10)  3.13896 -3.12519  3.06438
 D52 D(12,11,18,16)  0.00695  0.01375  0.02266
 D53 D(11,12,14,15)  3.14103 -3.13531  3.13881
 D54 D(11,12,14,16) -0.00565 -0.00436 -0.00907
 D55 D(13,12,14,15) -0.00996 -0.01802 -0.00597
 D56 D(13,12,14,16)  3.12655  3.11293  3.12933
 D57 D(12,14,16,17) -3.12425 -3.11769 -3.07761
 D58 D(12,14,16,18)  0.00966  0.01261  0.02258
 D59 D(15,14,16,17)  0.01214  0.01297  0.05754
 D60 D(15,14,16,18) -3.13714 -3.13992 -3.12546
 D61 D(14,16,18,10) -3.14103  3.12227 -3.05208
 D62 D(14,16,18,11) -0.01037 -0.01629 -0.02791
 D63 D(17,16,18,10) -0.00694 -0.03041  0.04892
 D64 D(17,16,18,11)  3.12372  3.11422  3.07309
 D65 D(10,21,22,23) -0.01940 -0.03153  0.02839
 D66 D(10,21,22,24) -3.13911 -3.14133  3.13746
 D67 D(29,21,22,23)  3.12563  3.11872 -3.05488
 D68 D(29,21,22,24)  0.00593  0.00892  0.05420
 D69 D(10,21,29,27) -3.13509 -3.13756 -3.13717
 D70 D(10,21,29,30) -0.01791 -0.04006 -0.02952
 D71 D(22,21,29,27)  0.00305 -0.00472 -0.05386
 D72 D(22,21,29,30)  3.12023  3.09278  3.05379
 D73 D(21,22,24,25)  3.13017  3.12380  3.14073
 D74 D(21,22,24,26) -0.00914 -0.00568 -0.01235
 D75 D(23,22,24,25)  0.01045  0.01393 -0.03283
 D76 D(23,22,24,26) -3.12887 -3.11556  3.09728
 D77 D(22,24,26,27)  0.00367 -0.00188 -0.03263
 D78 D(22,24,26,31) -3.13727 -3.13983  3.13513
 D79 D(25,24,26,27) -3.13568 -3.13157  3.09765
 D80 D(25,24,26,31)  0.00657  0.01366 -0.01777
 D81 D(24,26,27,28) -3.13329 -3.12095 -3.09712
 D82 D(24,26,27,29)  0.00509  0.00596  0.03296
 D83 D(31,26,27,28)  0.00765  0.01701  0.01830
 D84 D(31,26,27,29) -3.13716 -3.13927 -3.13480
 D85 D(24,26,31,32)  0.00159  0.02338 -0.01667
 D86 D(24,26,31,33) -3.13965 -3.11826  3.12559
 D87 D(27,26,31,32) -3.13938 -3.11470 -3.13281
 D88 D(27,26,31,33)  0.00257  0.02684  0.00945
 D89 D(26,27,29,21) -0.00838 -0.00252  0.01168
 D90 D(26,27,29,30) -3.12559 -3.10030 -3.09652
 D91 D(28,27,29,21)  3.12995  3.12414  3.14159
 D92 D(28,27,29,30)  0.01274  0.02636  0.03339
