optS0 = -1116.64879877
tdS0 = -1116.54289073
optS1 = -1116.55303255
optR1 = -1116.55087774

Name     Definition    optS0    optS1    optR1
  R1         R(1,2)  2.93663  2.91928  2.93332
  R2        R(1,11)  2.93813  2.92364  2.93283
  R3        R(1,19)  2.63282  2.63170  2.63221
  R4        R(1,20)  2.63790  2.64289  2.61827
  R5         R(2,3)  2.52691  2.52656  2.51961
  R6         R(2,9)  2.62460  2.64687  2.64355
  R7         R(3,4)  2.05581  2.05630  2.05537
  R8         R(3,5)  2.66558  2.68782  2.68486
  R9         R(5,6)  2.05081  2.05255  2.05230
 R10         R(5,7)  2.62276  2.61786  2.62078
 R11         R(7,8)  2.05316  2.05152  2.05103
 R12         R(7,9)  2.68247  2.69911  2.69256
 R13        R(9,10)  2.64967  2.69189  2.72557
 R14       R(10,18)  2.64965  2.69002  2.72562
 R15       R(10,21)  2.79981  2.76967  2.72598
 R16       R(11,12)  2.52694  2.52661  2.51975
 R17       R(11,18)  2.62518  2.65149  2.64315
 R18       R(12,13)  2.05586  2.05645  2.05543
 R19       R(12,14)  2.66536  2.68653  2.68486
 R20       R(14,15)  2.05083  2.05255  2.05234
 R21       R(14,16)  2.62283  2.61815  2.62087
 R22       R(16,17)  2.05304  2.05019  2.05133
 R23       R(16,18)  2.68246  2.69994  2.69262
 R24       R(21,22)  2.65036  2.66348  2.67981
 R25       R(21,29)  2.65020  2.66240  2.68002
 R26       R(22,23)  2.05968  2.06012  2.05460
 R27       R(22,24)  2.62724  2.62130  2.61473
 R28       R(24,25)  2.05554  2.05576  2.05566
 R29       R(24,26)  2.62593  2.63124  2.63391
 R30       R(26,27)  2.62587  2.62996  2.63389
 R31       R(26,31)  2.78759  2.77126  2.76252
 R32       R(27,28)  2.05554  2.05577  2.05570
 R33       R(27,29)  2.62724  2.62241  2.61471
 R34       R(29,30)  2.05953  2.05890  2.05486
 R35       R(31,32)  2.29201  2.29650  2.29854
 R36       R(31,33)  2.29202  2.29654  2.29851
  A1      A(2,1,11)  1.84626  1.82872  1.78722
  A2      A(2,1,19)  1.92450  1.93003  1.92843
  A3      A(2,1,20)  1.92420  1.93088  1.93003
  A4     A(11,1,19)  1.93002  1.93278  1.92871
  A5     A(11,1,20)  1.91730  1.92312  1.93039
  A6     A(19,1,20)  1.92043  1.91694  1.95258
  A7       A(1,2,3)  2.19841  2.19290  2.24737
  A8       A(1,2,9)  2.19737  2.19753  2.13547
  A9       A(3,2,9)  1.88741  1.89249  1.89989
 A10       A(2,3,4)  2.10561  2.10853  2.10796
 A11       A(2,3,5)  1.92366  1.91710  1.91283
 A12       A(4,3,5)  2.25390  2.25752  2.26239
 A13       A(3,5,6)  2.19442  2.18730  2.19075
 A14       A(3,5,7)  1.86145  1.86834  1.86811
 A15       A(6,5,7)  2.22725  2.22742  2.22430
 A16       A(5,7,8)  2.22523  2.22597  2.21925
 A17       A(5,7,9)  1.86780  1.86842  1.86956
 A18       A(8,7,9)  2.18997  2.18812  2.19354
 A19       A(2,9,7)  1.88443  1.87840  1.87397
 A20      A(2,9,10)  2.11019  2.12146  2.09091
 A21      A(7,9,10)  2.28668  2.28024  2.31277
 A22     A(9,10,18)  2.09836  2.05447  1.94691
 A23     A(9,10,21)  2.08979  2.10032  2.16645
 A24    A(18,10,21)  2.09499  2.12709  2.16431
 A25     A(1,11,12)  2.19467  2.17813  2.24810
 A26     A(1,11,18)  2.19661  2.19986  2.13477
 A27    A(12,11,18)  1.88719  1.89200  1.89981
 A28    A(11,12,13)  2.10564  2.10870  2.10812
 A29    A(11,12,14)  1.92389  1.91793  1.91287
 A30    A(13,12,14)  2.25362  2.25631  2.26219
 A31    A(12,14,15)  2.19478  2.18832  2.19076
 A32    A(12,14,16)  1.86144  1.86881  1.86807
 A33    A(15,14,16)  2.22696  2.22600  2.22433
 A34    A(14,16,17)  2.22432  2.22012  2.21966
 A35    A(14,16,18)  1.86787  1.86905  1.86943
 A36    A(17,16,18)  2.19098  2.19396  2.19328
 A37    A(10,18,11)  2.10895  2.11157  2.09194
 A38    A(10,18,16)  2.28985  2.29476  2.31152
 A39    A(11,18,16)  1.88434  1.87685  1.87418
 A40    A(10,21,22)  2.09329  2.09570  2.11488
 A41    A(10,21,29)  2.09630  2.11467  2.11360
 A42    A(22,21,29)  2.09359  2.07278  2.05317
 A43    A(21,22,23)  2.09293  2.08840  2.09805
 A44    A(21,22,24)  2.09907  2.11041  2.11765
 A45    A(23,22,24)  2.09098  2.08394  2.06705
 A46    A(22,24,25)  2.12274  2.12089  2.11616
 A47    A(22,24,26)  2.06513  2.06926  2.07528
 A48    A(25,24,26)  2.09531  2.09297  2.09168
 A49    A(24,26,27)  2.14426  2.13418  2.12562
 A50    A(24,26,31)  2.06926  2.07448  2.07856
 A51    A(27,26,31)  2.06966  2.07452  2.07871
 A52    A(26,27,28)  2.09549  2.09269  2.09174
 A53    A(26,27,29)  2.06505  2.07040  2.07529
 A54    A(28,27,29)  2.12264  2.11999  2.11609
 A55    A(21,29,27)  2.09921  2.10929  2.11761
 A56    A(21,29,30)  2.09292  2.09232  2.09755
 A57    A(27,29,30)  2.09080  2.08076  2.06754
 A58    A(26,31,32)  2.05287  2.05599  2.05706
 A59    A(26,31,33)  2.05330  2.05654  2.05736
 A60    A(32,31,33)  2.17701  2.17065  2.16876
  D1    D(11,1,2,3) -3.01953 -2.87700  2.47897
  D2    D(11,1,2,9)  0.11921  0.29223 -0.62676
  D3    D(19,1,2,3) -0.93229 -0.79380 -1.74969
  D4    D(19,1,2,9)  2.20645  2.37543  1.42777
  D5    D(20,1,2,3)  1.19171  1.33398  0.42178
  D6    D(20,1,2,9) -1.95273 -1.77997 -2.68394
  D7   D(2,1,11,12)  3.11676  3.00141 -2.47805
  D8   D(2,1,11,18) -0.14160 -0.33446  0.62542
  D9  D(19,1,11,12)  1.03316  0.92006  1.75081
 D10  D(19,1,11,18) -2.22520 -2.41581 -1.42891
 D11  D(20,1,11,12) -1.08990 -1.20433 -0.42113
 D12  D(20,1,11,18)  1.93492  1.74298  2.68234
 D13     D(1,2,3,4)  0.00307  0.03683  0.03759
 D14     D(1,2,3,5)  3.13866 -3.11336 -3.10138
 D15     D(9,2,3,4) -3.13609 -3.12836 -3.13601
 D16     D(9,2,3,5) -0.00050  0.00463  0.00820
 D17     D(1,2,9,7) -3.13435  3.11694  3.09003
 D18    D(1,2,9,10) -0.05189 -0.10061  0.04759
 D19     D(3,2,9,7)  0.00482 -0.00098 -0.02201
 D20    D(3,2,9,10)  3.08728  3.06466 -3.06445
 D21     D(2,3,5,6) -3.13399 -3.13281 -3.13919
 D22     D(2,3,5,7) -0.00408 -0.00659  0.00918
 D23     D(4,3,5,6)  0.00095 -0.00077  0.00533
 D24     D(4,3,5,7)  3.13086  3.12546 -3.12949
 D25     D(3,5,7,8) -3.11470 -3.09761  3.07712
 D26     D(3,5,7,9)  0.00685  0.00574 -0.02230
 D27     D(6,5,7,8)  0.01492  0.02815 -0.05753
 D28     D(6,5,7,9)  3.13647  3.13150  3.12623
 D29     D(5,7,9,2) -0.00729 -0.00310  0.02735
 D30    D(5,7,9,10) -3.08163 -3.05936  3.05214
 D31     D(8,7,9,2)  3.11477  3.10131 -3.07287
 D32    D(8,7,9,10)  0.04044  0.04505 -0.04808
 D33   D(2,9,10,18) -0.01925 -0.11081  0.61229
 D34   D(2,9,10,21)  3.13329  3.08454 -2.63824
 D35   D(7,9,10,18)  3.04777  2.93532 -2.40078
 D36   D(7,9,10,21) -0.08287 -0.15251  0.63188
 D37  D(9,10,18,11) -0.00230  0.07129 -0.61368
 D38  D(9,10,18,16)  3.12684 -3.06747  2.39929
 D39 D(21,10,18,11)  3.12831 -3.12494  2.63669
 D40 D(21,10,18,16) -0.02573  0.01948 -0.63352
 D41  D(9,10,21,22) -0.95760 -0.80511  0.08500
 D42  D(9,10,21,29)  2.18059  2.32770 -3.11756
 D43 D(18,10,21,22)  2.19492  2.39253  3.10431
 D44 D(18,10,21,29) -0.95008 -0.75784 -0.09826
 D45  D(1,11,12,13) -0.09196 -0.14965 -0.03994
 D46  D(1,11,12,14)  3.04121  2.97042  3.09878
 D47 D(18,11,12,13) -3.13403 -3.12598  3.13570
 D48 D(18,11,12,14) -0.00087 -0.00590 -0.00877
 D49  D(1,11,18,10)  0.09675  0.18372 -0.04533
 D50  D(1,11,18,16) -3.03500 -2.96010 -3.08757
 D51 D(12,11,18,10)  3.13868 -3.12574  3.06488
 D52 D(12,11,18,16)  0.00693  0.01363  0.02263
 D53 D(11,12,14,15)  3.14101 -3.13557  3.13936
 D54 D(11,12,14,16) -0.00564 -0.00434 -0.00888
 D55 D(13,12,14,15) -0.00993 -0.01785 -0.00544
 D56 D(13,12,14,16)  3.12661  3.11338  3.12950
 D57 D(12,14,16,17) -3.12432 -3.11794 -3.07734
 D58 D(12,14,16,18)  0.00963  0.01252  0.02239
 D59 D(15,14,16,17)  0.01210  0.01299  0.05743
 D60 D(15,14,16,18) -3.13713 -3.13973 -3.12602
 D61 D(14,16,18,10) -3.14071  3.12289 -3.05255
 D62 D(14,16,18,11) -0.01035 -0.01616 -0.02778
 D63 D(17,16,18,10) -0.00657 -0.02962  0.04800
 D64 D(17,16,18,11)  3.12379  3.11452  3.07277
 D65 D(10,21,22,23) -0.01939 -0.03139  0.02787
 D66 D(10,21,22,24) -3.13907 -3.14147  3.13697
 D67 D(29,21,22,23)  3.12560  3.11877 -3.05479
 D68 D(29,21,22,24)  0.00592  0.00870  0.05431
 D69 D(10,21,29,27) -3.13512 -3.13761 -3.13667
 D70 D(10,21,29,30) -0.01794 -0.03964 -0.02907
 D71 D(22,21,29,27)  0.00307 -0.00468 -0.05397
 D72 D(22,21,29,30)  3.12025  3.09329  3.05364
 D73 D(21,22,24,25)  3.13020  3.12405  3.14061
 D74 D(21,22,24,26) -0.00914 -0.00547 -0.01243
 D75 D(23,22,24,25)  0.01050  0.01389 -0.03292
 D76 D(23,22,24,26) -3.12885 -3.11563  3.09722
 D77 D(22,24,26,27)  0.00368 -0.00190 -0.03257
 D78 D(22,24,26,31) -3.13728 -3.13991  3.13520
 D79 D(25,24,26,27) -3.13570 -3.13162  3.09774
 D80 D(25,24,26,31)  0.00653  0.01356 -0.01767
 D81 D(24,26,27,28) -3.13333 -3.12114 -3.09720
 D82 D(24,26,27,29)  0.00510  0.00580  0.03290
 D83 D(31,26,27,28)  0.00762  0.01686  0.01821
 D84 D(31,26,27,29) -3.13713 -3.13938 -3.13488
 D85 D(24,26,31,32)  0.00133  0.02335 -0.01666
 D86 D(24,26,31,33) -3.13990 -3.11828  3.12556
 D87 D(27,26,31,32) -3.13966 -3.11478 -3.13279
 D88 D(27,26,31,33)  0.00230  0.02677  0.00943
 D89 D(26,27,29,21) -0.00840 -0.00237  0.01177
 D90 D(26,27,29,30) -3.12560 -3.10063 -3.09641
 D91 D(28,27,29,21)  3.12998  3.12433 -3.14149
 D92 D(28,27,29,30)  0.01277  0.02607  0.03352
