optS0 = -1116.64879877
tdS0  = -1116.54289073
optS1 = -1116.55303255
optR1 = -1116.55087774

Name     Definition  -optS0_Value  -optS1_Value  -optR1_Value
  R1         R(1,2)        1.5540        1.5448        1.5522
  R2        R(1,11)        1.5548        1.5471        1.5520
  R3        R(1,19)        1.3932        1.3926        1.3929
  R4        R(1,20)        1.3959        1.3986        1.3855
  R5         R(2,3)        1.3372        1.3370        1.3333
  R6         R(2,9)        1.3889        1.4007        1.3989
  R7         R(3,4)        1.0879        1.0881        1.0877
  R8         R(3,5)        1.4106        1.4223        1.4208
  R9         R(5,6)        1.0852        1.0862        1.0860
 R10         R(5,7)        1.3879        1.3853        1.3869
 R11         R(7,8)        1.0865        1.0856        1.0854
 R12         R(7,9)        1.4195        1.4283        1.4248
 R13        R(9,10)        1.4021        1.4245        1.4423
 R14       R(10,18)        1.4021        1.4235        1.4423
 R15       R(10,21)        1.4816        1.4656        1.4425
 R16       R(11,12)        1.3372        1.3370        1.3334
 R17       R(11,18)        1.3892        1.4031        1.3987
 R18       R(12,13)        1.0879        1.0882        1.0877
 R19       R(12,14)        1.4104        1.4217        1.4208
 R20       R(14,15)        1.0853        1.0862        1.0861
 R21       R(14,16)        1.3879        1.3855        1.3869
 R22       R(16,17)        1.0864        1.0849        1.0855
 R23       R(16,18)        1.4195        1.4287        1.4249
 R24       R(21,22)        1.4025        1.4095        1.4181
 R25       R(21,29)        1.4024        1.4089        1.4182
 R26       R(22,23)        1.0899        1.0902        1.0872
 R27       R(22,24)        1.3903        1.3871        1.3837
 R28       R(24,25)        1.0877        1.0879        1.0878
 R29       R(24,26)        1.3896        1.3924        1.3938
 R30       R(26,27)        1.3896        1.3917        1.3938
 R31       R(26,31)        1.4751        1.4665        1.4619
 R32       R(27,28)        1.0877        1.0879        1.0878
 R33       R(27,29)        1.3903        1.3877        1.3836
 R34       R(29,30)        1.0899        1.0895        1.0874
 R35       R(31,32)        1.2129        1.2153        1.2163
 R36       R(31,33)        1.2129        1.2153        1.2163
  A1      A(2,1,11)      105.7831      104.7778      102.4003
  A2      A(2,1,19)      110.2655      110.5823      110.4907
  A3      A(2,1,20)      110.2488      110.6313      110.5825
  A4     A(11,1,19)      110.5819      110.7399      110.5072
  A5     A(11,1,20)      109.8532      110.1867      110.6033
  A6     A(19,1,20)      110.0327      109.8328      111.8748
  A7       A(1,2,3)      125.9594      125.6440      128.7649
  A8       A(1,2,9)      125.8999      125.9090      122.3535
  A9       A(3,2,9)      108.1406      108.4318      108.8559
 A10       A(2,3,4)      120.6424      120.8096      120.7771
 A11       A(2,3,5)      110.2174      109.8420      109.5973
 A12       A(4,3,5)      129.1391      129.3462      129.6254
 A13       A(3,5,6)      125.7307      125.3232      125.5210
 A14       A(3,5,7)      106.6533      107.0482      107.0349
 A15       A(6,5,7)      127.6121      127.6219      127.4428
 A16       A(5,7,8)      127.4960      127.5387      127.1535
 A17       A(5,7,9)      107.0173      107.0525      107.1181
 A18       A(8,7,9)      125.4760      125.3699      125.6805
 A19       A(2,9,7)      107.9697      107.6242      107.3706
 A20      A(2,9,10)      120.9051      121.5508      119.8003
 A21      A(7,9,10)      131.0168      130.6479      132.5122
 A22     A(9,10,18)      120.2269      117.7123      111.5499
 A23     A(9,10,21)      119.7361      120.3398      124.1285
 A24    A(18,10,21)      120.0341      121.8735      124.0056
 A25     A(1,11,12)      125.7453      124.7978      128.8064
 A26     A(1,11,18)      125.8567      126.0429      122.3134
 A27    A(12,11,18)      108.1277      108.4033      108.8512
 A28    A(11,12,13)      120.6442      120.8197      120.7866
 A29    A(11,12,14)      110.2307      109.8894      109.5992
 A30    A(13,12,14)      129.1231      129.2771      129.6140
 A31    A(12,14,15)      125.7514      125.3816      125.5211
 A32    A(12,14,16)      106.6524      107.0748      107.0327
 A33    A(15,14,16)      127.5955      127.5406      127.4449
 A34    A(14,16,17)      127.4439      127.2035      127.1770
 A35    A(14,16,18)      107.0209      107.0887      107.1104
 A36    A(17,16,18)      125.5336      125.7045      125.6656
 A37    A(10,18,11)      120.8337      120.9839      119.8596
 A38    A(10,18,16)      131.1985      131.4802      132.4402
 A39    A(11,18,16)      107.9648      107.5357      107.3826
 A40    A(10,21,22)      119.9366      120.0750      121.1737
 A41    A(10,21,29)      120.1092      121.1616      121.1003
 A42    A(22,21,29)      119.9540      118.7616      117.6380
 A43    A(21,22,23)      119.9159      119.6568      120.2093
 A44    A(21,22,24)      120.2680      120.9177      121.3321
 A45    A(23,22,24)      119.8042      119.4012      118.4332
 A46    A(22,24,25)      121.6239      121.5178      121.2473
 A47    A(22,24,26)      118.3235      118.5600      118.9049
 A48    A(25,24,26)      120.0525      119.9186      119.8446
 A49    A(24,26,27)      122.8573      122.2796      121.7892
 A50    A(24,26,31)      118.5599      118.8591      119.0927
 A51    A(27,26,31)      118.5828      118.8609      119.1015
 A52    A(26,27,28)      120.0630      119.9026      119.8481
 A53    A(26,27,29)      118.3185      118.6253      118.9053
 A54    A(28,27,29)      121.6182      121.4666      121.2432
 A55    A(21,29,27)      120.2757      120.8537      121.3302
 A56    A(21,29,30)      119.9154      119.8810      120.1806
 A57    A(27,29,30)      119.7942      119.2188      118.4615
 A58    A(26,31,32)      117.6206      117.7998      117.8609
 A59    A(26,31,33)      117.6457      117.8313      117.8782
 A60    A(32,31,33)      124.7337      124.3689      124.2609
  D1    D(11,1,2,3)     -173.0062     -164.8402      142.0350
  D2    D(11,1,2,9)        6.8305       16.7435      -35.9103
  D3    D(19,1,2,3)      -53.4164      -45.4816     -100.2491
  D4    D(19,1,2,9)      126.4203      136.1021       81.8056
  D5    D(20,1,2,3)       68.2801       76.4313       24.1671
  D6    D(20,1,2,9)     -111.8832     -101.9851     -153.7782
  D7   D(2,1,11,12)      178.5774      171.9685     -141.9825
  D8   D(2,1,11,18)       -8.1129      -19.1630       35.8335
  D9  D(19,1,11,12)       59.1959       52.7158      100.3135
 D10  D(19,1,11,18)     -127.4943     -138.4158      -81.8706
 D11  D(20,1,11,12)      -62.4468      -69.0029      -24.1293
 D12  D(20,1,11,18)      110.8630       99.8655      153.6866
 D13     D(1,2,3,4)        0.1758        2.1100        2.1538
 D14     D(1,2,3,5)      179.8321     -178.3823     -177.6959
 D15     D(9,2,3,4)     -179.6850     -179.2420     -179.6803
 D16     D(9,2,3,5)       -0.0287        0.2656        0.4700
 D17     D(1,2,9,7)     -179.5850      178.5875      177.0458
 D18    D(1,2,9,10)       -2.9730       -5.7642        2.7269
 D19     D(3,2,9,7)        0.2759       -0.0560       -1.2614
 D20    D(3,2,9,10)      176.8879      175.5924     -175.5802
 D21     D(2,3,5,6)     -179.5642     -179.4970     -179.8622
 D22     D(2,3,5,7)       -0.2336       -0.3776        0.5258
 D23     D(4,3,5,6)        0.0545       -0.0439        0.3054
 D24     D(4,3,5,7)      179.3851      179.0756     -179.3066
 D25     D(3,5,7,8)     -178.4592     -177.4800      176.3062
 D26     D(3,5,7,9)        0.3922        0.3292       -1.2779
 D27     D(6,5,7,8)        0.8548        1.6130       -3.2961
 D28     D(6,5,7,9)      179.7062      179.4221      179.1199
 D29     D(5,7,9,2)       -0.4175       -0.1775        1.5671
 D30    D(5,7,9,10)     -176.5641     -175.2886      174.8749
 D31     D(8,7,9,2)      178.4635      177.6921     -176.0623
 D32    D(8,7,9,10)        2.3170        2.5810       -2.7545
 D33   D(2,9,10,18)       -1.1029       -6.3493       35.0816
 D34   D(2,9,10,21)      179.5245      176.7308     -151.1601
 D35   D(7,9,10,18)      174.6243      168.1814     -137.5546
 D36   D(7,9,10,21)       -4.7483       -8.7385       36.2037
 D37  D(9,10,18,11)       -0.1320        4.0845      -35.1613
 D38  D(9,10,18,16)      179.1549     -175.7534      137.4697
 D39 D(21,10,18,11)      179.2387     -179.0458      151.0713
 D40 D(21,10,18,16)       -1.4743        1.1163      -36.2977
 D41  D(9,10,21,22)      -54.8669      -46.1291        4.8703
 D42  D(9,10,21,29)      124.9381      133.3681     -178.6233
 D43 D(18,10,21,22)      125.7593      137.0820      177.8637
 D44 D(18,10,21,29)      -54.4358      -43.4208       -5.6299
 D45  D(1,11,12,13)       -5.2689       -8.5747       -2.2882
 D46  D(1,11,12,14)      174.2484      170.1930      177.5471
 D47 D(18,11,12,13)     -179.5669     -179.1054      179.6622
 D48 D(18,11,12,14)       -0.0496       -0.3376       -0.5025
 D49  D(1,11,18,10)        5.5432       10.5263       -2.5969
 D50  D(1,11,18,16)     -173.8928     -169.6010     -176.9049
 D51 D(12,11,18,10)      179.8332     -179.0919      175.6047
 D52 D(12,11,18,16)        0.3972        0.7807        1.2968
 D53 D(11,12,14,15)      179.9664     -179.6556      179.8721
 D54 D(11,12,14,16)       -0.3229       -0.2500       -0.5090
 D55 D(13,12,14,15)       -0.5688       -1.0226       -0.3116
 D56 D(13,12,14,16)      179.1418      178.3830      179.3073
 D57 D(12,14,16,17)     -179.0103     -178.6446     -176.3188
 D58 D(12,14,16,18)        0.5518        0.7184        1.2831
 D59 D(15,14,16,17)        0.6934        0.7442        3.2905
 D60 D(15,14,16,18)     -179.7445     -179.8928     -179.1076
 D61 D(14,16,18,10)     -179.9492      178.9278     -174.8984
 D62 D(14,16,18,11)       -0.5929       -0.9265       -1.5917
 D63 D(17,16,18,10)       -0.3764       -1.6971        2.7498
 D64 D(17,16,18,11)      178.9799      178.4486      176.0564
 D65 D(10,21,22,23)       -1.1109       -1.7983        1.5968
 D66 D(10,21,22,24)     -179.8554     -179.9926      179.7349
 D67 D(29,21,22,23)      179.0839      178.6925     -175.0266
 D68 D(29,21,22,24)        0.3394        0.4982        3.1115
 D69 D(10,21,29,27)     -179.6290     -179.7720     -179.7181
 D70 D(10,21,29,30)       -1.0278       -2.2711       -1.6654
 D71 D(22,21,29,27)        0.1759       -0.2684       -3.0921
 D72 D(22,21,29,30)      178.7771      177.2325      174.9606
 D73 D(21,22,24,25)      179.3472      178.9948      179.9435
 D74 D(21,22,24,26)       -0.5241       -0.3132       -0.7123
 D75 D(23,22,24,25)        0.6012        0.7959       -1.8862
 D76 D(23,22,24,26)     -179.2701     -178.5121      177.4579
 D77 D(22,24,26,27)        0.2109       -0.1091       -1.8659
 D78 D(22,24,26,31)     -179.7526     -179.9037      179.6339
 D79 D(25,24,26,27)     -179.6625     -179.4285      177.4876
 D80 D(25,24,26,31)        0.3740        0.7769       -1.0126
 D81 D(24,26,27,28)     -179.5266     -178.8284     -177.4566
 D82 D(24,26,27,29)        0.2922        0.3324        1.8848
 D83 D(31,26,27,28)        0.4369        0.9663        1.0435
 D84 D(31,26,27,29)     -179.7444     -179.8729     -179.6152
 D85 D(24,26,31,32)        0.0733        1.3383       -0.9540
 D86 D(24,26,31,33)     -179.9057     -178.6640      179.0818
 D87 D(27,26,31,32)     -179.8917     -178.4635     -179.4950
 D88 D(27,26,31,33)        0.1293        1.5342        0.5408
 D89 D(26,27,29,21)       -0.4813       -0.1358        0.6742
 D90 D(26,27,29,30)     -179.0841     -177.6531     -177.4110
 D91 D(28,27,29,21)      179.3345      179.0112     -179.9940
 D92 D(28,27,29,30)        0.7317        1.4939        1.9208
