optS0 = -1116.64872811
tdS0 = -1116.54173084
optS1 = -1116.55289715
optR1 = -1116.55076524

Name     Definition    optS0    optS1    optR1
  R1         R(1,2)  2.93673  2.91934  2.93342
  R2        R(1,11)  2.93823  2.92371  2.93293
  R3        R(1,19)  2.63272  2.63161  2.63207
  R4        R(1,20)  2.63779  2.64279  2.61822
  R5         R(2,3)  2.52687  2.52648  2.51957
  R6         R(2,9)  2.62458  2.64691  2.64355
  R7         R(3,4)  2.05580  2.05629  2.05536
  R8         R(3,5)  2.66561  2.68783  2.68485
  R9         R(5,6)  2.05081  2.05255  2.05230
 R10         R(5,7)  2.62274  2.61789  2.62082
 R11         R(7,8)  2.05316  2.05152  2.05104
 R12         R(7,9)  2.68249  2.69903  2.69248
 R13        R(9,10)  2.64966  2.69194  2.72561
 R14       R(10,18)  2.64964  2.69005  2.72566
 R15       R(10,21)  2.79981  2.76960  2.72584
 R16       R(11,12)  2.52689  2.52653  2.51971
 R17       R(11,18)  2.62516  2.65155  2.64315
 R18       R(12,13)  2.05585  2.05645  2.05542
 R19       R(12,14)  2.66538  2.68654  2.68485
 R20       R(14,15)  2.05083  2.05255  2.05234
 R21       R(14,16)  2.62281  2.61818  2.62090
 R22       R(16,17)  2.05304  2.05018  2.05133
 R23       R(16,18)  2.68247  2.69987  2.69254
 R24       R(21,22)  2.65036  2.66351  2.67984
 R25       R(21,29)  2.65020  2.66243  2.68004
 R26       R(22,23)  2.05969  2.06013  2.05462
 R27       R(22,24)  2.62724  2.62128  2.61472
 R28       R(24,25)  2.05555  2.05577  2.05566
 R29       R(24,26)  2.62592  2.63125  2.63392
 R30       R(26,27)  2.62587  2.62996  2.63389
 R31       R(26,31)  2.78763  2.77127  2.76256
 R32       R(27,28)  2.05555  2.05577  2.05570
 R33       R(27,29)  2.62725  2.62240  2.61470
 R34       R(29,30)  2.05953  2.05890  2.05487
 R35       R(31,32)  2.29200  2.29649  2.29853
 R36       R(31,33)  2.29200  2.29653  2.29849
  A1      A(2,1,11)  1.84619  1.82860  1.78711
  A2      A(2,1,19)  1.92448  1.93002  1.92843
  A3      A(2,1,20)  1.92418  1.93087  1.92999
  A4     A(11,1,19)  1.93000  1.93276  1.92872
  A5     A(11,1,20)  1.91727  1.92310  1.93035
  A6     A(19,1,20)  1.92058  1.91710  1.95275
  A7       A(1,2,3)  2.19838  2.19292  2.24740
  A8       A(1,2,9)  2.19738  2.19749  2.13545
  A9       A(3,2,9)  1.88742  1.89251  1.89989
 A10       A(2,3,4)  2.10558  2.10849  2.10792
 A11       A(2,3,5)  1.92366  1.91709  1.91283
 A12       A(4,3,5)  2.25393  2.25756  2.26243
 A13       A(3,5,6)  2.19442  2.18732  2.19077
 A14       A(3,5,7)  1.86145  1.86834  1.86811
 A15       A(6,5,7)  2.22725  2.22741  2.22429
 A16       A(5,7,8)  2.22524  2.22597  2.21929
 A17       A(5,7,9)  1.86780  1.86841  1.86954
 A18       A(8,7,9)  2.18997  2.18812  2.19352
 A19       A(2,9,7)  1.88443  1.87840  1.87400
 A20      A(2,9,10)  2.11019  2.12147  2.09090
 A21      A(7,9,10)  2.28668  2.28021  2.31274
 A22     A(9,10,18)  2.09837  2.05442  1.94676
 A23     A(9,10,21)  2.08977  2.10030  2.16651
 A24    A(18,10,21)  2.09499  2.12716  2.16438
 A25     A(1,11,12)  2.19464  2.17809  2.24812
 A26     A(1,11,18)  2.19663  2.19984  2.13475
 A27    A(12,11,18)  1.88720  1.89201  1.89981
 A28    A(11,12,13)  2.10561  2.10866  2.10809
 A29    A(11,12,14)  1.92389  1.91792  1.91286
 A30    A(13,12,14)  2.25365  2.25636  2.26223
 A31    A(12,14,15)  2.19478  2.18834  2.19077
 A32    A(12,14,16)  1.86143  1.86881  1.86807
 A33    A(15,14,16)  2.22696  2.22598  2.22432
 A34    A(14,16,17)  2.22433  2.22010  2.21970
 A35    A(14,16,18)  1.86786  1.86905  1.86941
 A36    A(17,16,18)  2.19097  2.19398  2.19326
 A37    A(10,18,11)  2.10894  2.11154  2.09193
 A38    A(10,18,16)  2.28985  2.29480  2.31149
 A39    A(11,18,16)  1.88434  1.87685  1.87421
 A40    A(10,21,22)  2.09329  2.09569  2.11487
 A41    A(10,21,29)  2.09631  2.11471  2.11360
 A42    A(22,21,29)  2.09357  2.07275  2.05319
 A43    A(21,22,23)  2.09289  2.08837  2.09800
 A44    A(21,22,24)  2.09908  2.11042  2.11763
 A45    A(23,22,24)  2.09100  2.08396  2.06712
 A46    A(22,24,25)  2.12278  2.12092  2.11621
 A47    A(22,24,26)  2.06514  2.06928  2.07528
 A48    A(25,24,26)  2.09527  2.09293  2.09163
 A49    A(24,26,27)  2.14425  2.13416  2.12563
 A50    A(24,26,31)  2.06927  2.07450  2.07855
 A51    A(27,26,31)  2.06967  2.07452  2.07871
 A52    A(26,27,28)  2.09545  2.09264  2.09169
 A53    A(26,27,29)  2.06505  2.07042  2.07529
 A54    A(28,27,29)  2.12268  2.12003  2.11614
 A55    A(21,29,27)  2.09922  2.10930  2.11759
 A56    A(21,29,30)  2.09289  2.09230  2.09750
 A57    A(27,29,30)  2.09083  2.08077  2.06761
 A58    A(26,31,32)  2.05283  2.05596  2.05702
 A59    A(26,31,33)  2.05327  2.05651  2.05732
 A60    A(32,31,33)  2.17709  2.17072  2.16884
  D1    D(11,1,2,3) -3.01938 -2.87643  2.47859
  D2    D(11,1,2,9)  0.11948  0.29289 -0.62693
  D3    D(19,1,2,3) -0.93221 -0.79332 -1.75012
  D4    D(19,1,2,9)  2.20665  2.37599  1.42754
  D5    D(20,1,2,3)  1.19195  1.33465  0.42154
  D6    D(20,1,2,9) -1.95238 -1.77923 -2.68398
  D7   D(2,1,11,12)  3.11662  3.00098 -2.47766
  D8   D(2,1,11,18) -0.14186 -0.33520  0.62557
  D9  D(19,1,11,12)  1.03309  0.91972  1.75126
 D10  D(19,1,11,18) -2.22538 -2.41647 -1.42869
 D11  D(20,1,11,12) -1.09013 -1.20485 -0.42087
 D12  D(20,1,11,18)  1.93458  1.74215  2.68237
 D13     D(1,2,3,4)  0.00317  0.03691  0.03777
 D14     D(1,2,3,5)  3.13876 -3.11328 -3.10121
 D15     D(9,2,3,4) -3.13609 -3.12835 -3.13602
 D16     D(9,2,3,5) -0.00050  0.00465  0.00818
 D17     D(1,2,9,7) -3.13445  3.11687  3.08986
 D18    D(1,2,9,10) -0.05205 -0.10081  0.04752
 D19     D(3,2,9,7)  0.00481 -0.00098 -0.02202
 D20    D(3,2,9,10)  3.08722  3.06453 -3.06436
 D21     D(2,3,5,6) -3.13397 -3.13282 -3.13909
 D22     D(2,3,5,7) -0.00408 -0.00660  0.00921
 D23     D(4,3,5,6)  0.00096 -0.00077  0.00542
 D24     D(4,3,5,7)  3.13086  3.12544 -3.12947
 D25     D(3,5,7,8) -3.11467 -3.09754  3.07718
 D26     D(3,5,7,9)  0.00684  0.00575 -0.02233
 D27     D(6,5,7,8)  0.01493  0.02821 -0.05754
 D28     D(6,5,7,9)  3.13645  3.13151  3.12614
 D29     D(5,7,9,2) -0.00728 -0.00310  0.02737
 D30    D(5,7,9,10) -3.08156 -3.05922  3.05205
 D31     D(8,7,9,2)  3.11475  3.10125 -3.07293
 D32    D(8,7,9,10)  0.04048  0.04513 -0.04825
 D33   D(2,9,10,18) -0.01926 -0.11112  0.61264
 D34   D(2,9,10,21)  3.13330  3.08435 -2.63805
 D35   D(7,9,10,18)  3.04768  2.93485 -2.40031
 D36   D(7,9,10,21) -0.08293 -0.15286  0.63219
 D37  D(9,10,18,11) -0.00229  0.07151 -0.61404
 D38  D(9,10,18,16)  3.12692 -3.06715  2.39882
 D39 D(21,10,18,11)  3.12830 -3.12484  2.63648
 D40 D(21,10,18,16) -0.02568  0.01968 -0.63384
 D41  D(9,10,21,22) -0.95767 -0.80489  0.08509
 D42  D(9,10,21,29)  2.18051  2.32790 -3.11737
 D43 D(18,10,21,22)  2.19488  2.39287  3.10421
 D44 D(18,10,21,29) -0.95013 -0.75751 -0.09825
 D45  D(1,11,12,13) -0.09205 -0.14987 -0.04013
 D46  D(1,11,12,14)  3.04111  2.97014  3.09859
 D47 D(18,11,12,13) -3.13403 -3.12593  3.13571
 D48 D(18,11,12,14) -0.00087 -0.00592 -0.00875
 D49  D(1,11,18,10)  0.09690  0.18409 -0.04522
 D50  D(1,11,18,16) -3.03490 -2.95980 -3.08738
 D51 D(12,11,18,10)  3.13873 -3.12564  3.06479
 D52 D(12,11,18,16)  0.00694  0.01365  0.02264
 D53 D(11,12,14,15)  3.14101 -3.13553  3.13927
 D54 D(11,12,14,16) -0.00564 -0.00434 -0.00891
 D55 D(13,12,14,15) -0.00993 -0.01788 -0.00553
 D56 D(13,12,14,16)  3.12660  3.11330  3.12947
 D57 D(12,14,16,17) -3.12431 -3.11790 -3.07739
 D58 D(12,14,16,18)  0.00964  0.01253  0.02242
 D59 D(15,14,16,17)  0.01211  0.01299  0.05745
 D60 D(15,14,16,18) -3.13714 -3.13976 -3.12592
 D61 D(14,16,18,10) -3.14076  3.12278 -3.05247
 D62 D(14,16,18,11) -0.01035 -0.01618 -0.02780
 D63 D(17,16,18,10) -0.00663 -0.02976  0.04815
 D64 D(17,16,18,11)  3.12378  3.11447  3.07282
 D65 D(10,21,22,23) -0.01939 -0.03141  0.02796
 D66 D(10,21,22,24) -3.13908 -3.14144  3.13705
 D67 D(29,21,22,23)  3.12561  3.11876 -3.05480
 D68 D(29,21,22,24)  0.00592  0.00873  0.05429
 D69 D(10,21,29,27) -3.13511 -3.13760 -3.13676
 D70 D(10,21,29,30) -0.01793 -0.03971 -0.02915
 D71 D(22,21,29,27)  0.00307 -0.00469 -0.05395
 D72 D(22,21,29,30)  3.12025  3.09320  3.05366
 D73 D(21,22,24,25)  3.13020  3.12401  3.14063
 D74 D(21,22,24,26) -0.00914 -0.00551 -0.01242
 D75 D(23,22,24,25)  0.01049  0.01390 -0.03290
 D76 D(23,22,24,26) -3.12885 -3.11561  3.09723
 D77 D(22,24,26,27)  0.00368 -0.00190 -0.03258
 D78 D(22,24,26,31) -3.13727 -3.13990  3.13519
 D79 D(25,24,26,27) -3.13570 -3.13161  3.09773
 D80 D(25,24,26,31)  0.00653  0.01358 -0.01769
 D81 D(24,26,27,28) -3.13332 -3.12111 -3.09719
 D82 D(24,26,27,29)  0.00510  0.00583  0.03291
 D83 D(31,26,27,28)  0.00763  0.01689  0.01823
 D84 D(31,26,27,29) -3.13714 -3.13936 -3.13486
 D85 D(24,26,31,32)  0.00138  0.02335 -0.01666
 D86 D(24,26,31,33) -3.13985 -3.11828  3.12556
 D87 D(27,26,31,32) -3.13960 -3.11477 -3.13279
 D88 D(27,26,31,33)  0.00236  0.02678  0.00943
 D89 D(26,27,29,21) -0.00839 -0.00240  0.01175
 D90 D(26,27,29,30) -3.12560 -3.10057 -3.09643
 D91 D(28,27,29,21)  3.12997  3.12430 -3.14151
 D92 D(28,27,29,30)  0.01277  0.02612  0.03350
