optS0 = -1116.64682931
tdS0 = -1116.54073697
optS1 = -1116.54929349
optR1 = -1116.54777509

Name     Definition     optS0     optS1     optR1
  R1         R(1,2)    1.5554    1.5457    1.5537
  R2        R(1,11)    1.5563    1.5482    1.5535
  R3        R(1,19)    1.3917    1.3913    1.3909
  R4        R(1,20)    1.3944    1.3970    1.3847
  R5         R(2,3)    1.3366    1.3359    1.3327
  R6         R(2,9)    1.3886    1.4012    1.3989
  R7         R(3,4)    1.0879    1.0881    1.0876
  R8         R(3,5)    1.4110    1.4225    1.4207
  R9         R(5,6)    1.0852    1.0861    1.0860
 R10         R(5,7)    1.3876    1.3858    1.3874
 R11         R(7,8)    1.0865    1.0856    1.0854
 R12         R(7,9)    1.4198    1.4272    1.4237
 R13        R(9,10)    1.4020    1.4252    1.4429
 R14       R(10,18)    1.4020    1.4240    1.4429
 R15       R(10,21)    1.4817    1.4646    1.4405
 R16       R(11,12)    1.3366    1.3360    1.3328
 R17       R(11,18)    1.3889    1.4039    1.3987
 R18       R(12,13)    1.0879    1.0882    1.0876
 R19       R(12,14)    1.4109    1.4218    1.4207
 R20       R(14,15)    1.0852    1.0862    1.0861
 R21       R(14,16)    1.3877    1.3859    1.3874
 R22       R(16,17)    1.0864    1.0848    1.0856
 R23       R(16,18)    1.4197    1.4277    1.4237
 R24       R(21,22)    1.4025    1.4099    1.4185
 R25       R(21,29)    1.4024    1.4093    1.4186
 R26       R(22,23)    1.0900    1.0902    1.0875
 R27       R(22,24)    1.3903    1.3870    1.3835
 R28       R(24,25)    1.0878    1.0879    1.0878
 R29       R(24,26)    1.3895    1.3925    1.3939
 R30       R(26,27)    1.3895    1.3917    1.3939
 R31       R(26,31)    1.4756    1.4667    1.4624
 R32       R(27,28)    1.0878    1.0879    1.0879
 R33       R(27,29)    1.3903    1.3876    1.3835
 R34       R(29,30)    1.0899    1.0895    1.0876
 R35       R(31,32)    1.2126    1.2151    1.2161
 R36       R(31,33)    1.2126    1.2151    1.2160
  A1      A(2,1,11)  105.6680  104.5784  102.2110
  A2      A(2,1,19)  110.2402  110.5693  110.4921
  A3      A(2,1,20)  110.2075  110.6209  110.5190
  A4     A(11,1,19)  110.5588  110.7110  110.5101
  A5     A(11,1,20)  109.8049  110.1613  110.5364
  A6     A(19,1,20)  110.2694  110.0865  112.1469
  A7       A(1,2,3)  125.9204  125.6766  128.8063
  A8       A(1,2,9)  125.9213  125.8467  122.3110
  A9       A(3,2,9)  108.1583  108.4590  108.8478
 A10       A(2,3,4)  120.5927  120.7523  120.7241
 A11       A(2,3,5)  110.2178  109.8224  109.5925
 A12       A(4,3,5)  129.1885  129.4231  129.6832
 A13       A(3,5,6)  125.7357  125.3522  125.5411
 A14       A(3,5,7)  106.6457  107.0467  107.0329
 A15       A(6,5,7)  127.6146  127.5943  127.4253
 A16       A(5,7,8)  127.5120  127.5434  127.2266
 A17       A(5,7,9)  107.0072  107.0446  107.0866
 A18       A(8,7,9)  125.4691  125.3698  125.6443
 A19       A(2,9,7)  107.9694  107.6258  107.4159
 A20      A(2,9,10)  120.8976  121.5688  119.7880
 A21      A(7,9,10)  131.0180  130.6108  132.4611
 A22     A(9,10,18)  120.2574  117.6288  111.2994
 A23     A(9,10,21)  119.7106  120.3049  124.2302
 A24    A(18,10,21)  120.0286  121.9817  124.1284
 A25     A(1,11,12)  125.6930  124.7407  128.8379
 A26     A(1,11,18)  125.8746  126.0018  122.2782
 A27    A(12,11,18)  108.1446  108.4293  108.8441
 A28    A(11,12,13)  120.5946  120.7549  120.7325
 A29    A(11,12,14)  110.2318  109.8734  109.5935
 A30    A(13,12,14)  129.1714  129.3553  129.6737
 A31    A(12,14,15)  125.7566  125.4110  125.5422
 A32    A(12,14,16)  106.6445  107.0782  107.0310
 A33    A(15,14,16)  127.5982  127.5069  127.4261
 A34    A(14,16,17)  127.4590  127.1766  127.2447
 A35    A(14,16,18)  107.0114  107.0831  107.0800
 A36    A(17,16,18)  125.5279  125.7364  125.6331
 A37    A(10,18,11)  120.8223  120.9359  119.8377
 A38    A(10,18,16)  131.2112  131.5362  132.4016
 A39    A(11,18,16)  107.9642  107.5272  107.4263
 A40    A(10,21,22)  119.9415  120.0590  121.1506
 A41    A(10,21,29)  120.1327  121.2298  121.0977
 A42    A(22,21,29)  119.9255  118.7091  117.6722
 A43    A(21,22,23)  119.8591  119.6045  120.1288
 A44    A(21,22,24)  120.2841  120.9377  121.3026
 A45    A(23,22,24)  119.8450  119.4313  118.5431
 A46    A(22,24,25)  121.6876  121.5725  121.3276
 A47    A(22,24,26)  118.3311  118.5820  118.9077
 A48    A(25,24,26)  119.9811  119.8418  119.7614
 A49    A(24,26,27)  122.8383  122.2464  121.8094
 A50    A(24,26,31)  118.5709  118.8786  119.0826
 A51    A(27,26,31)  118.5908  118.8746  119.0914
 A52    A(26,27,28)  119.9872  119.8193  119.7641
 A53    A(26,27,29)  118.3282  118.6527  118.9093
 A54    A(28,27,29)  121.6842  121.5224  121.3232
 A55    A(21,29,27)  120.2897  120.8694  121.2994
 A56    A(21,29,30)  119.8652  119.8484  120.1077
 A57    A(27,29,30)  119.8303  119.2306  118.5653
 A58    A(26,31,32)  117.5646  117.7444  117.7992
 A59    A(26,31,33)  117.5873  117.7749  117.8159
 A60    A(32,31,33)  124.8481  124.4807  124.3848
  D1    D(11,1,2,3) -172.7332 -163.8848  141.4180
  D2    D(11,1,2,9)    7.3165   17.8229  -36.1871
  D3    D(19,1,2,3)  -53.2515  -44.6822 -100.9638
  D4    D(19,1,2,9)  126.7982  137.0254   81.4311
  D5    D(20,1,2,3)   68.6980   77.5360   23.7575
  D6    D(20,1,2,9) -111.2523 -100.7564 -153.8475
  D7   D(2,1,11,12)  178.3108  171.2497 -141.3492
  D8   D(2,1,11,18)   -8.5925  -20.3932   36.0911
  D9  D(19,1,11,12)   59.0396   52.1428  101.0453
 D10  D(19,1,11,18) -127.8638 -139.5001  -81.5143
 D11  D(20,1,11,12)  -62.8527  -69.8594  -23.7012
 D12  D(20,1,11,18)  110.2440   98.4977  153.7391
 D13     D(1,2,3,4)    0.3585    2.2360    2.4410
 D14     D(1,2,3,5) -179.9851 -178.2507 -177.4173
 D15     D(9,2,3,4) -179.6838 -179.2232 -179.6977
 D16     D(9,2,3,5)   -0.0274    0.2901    0.4441
 D17     D(1,2,9,7) -179.7709  178.4679  176.7592
 D18    D(1,2,9,10)   -3.2601   -6.0968    2.6024
 D19     D(3,2,9,7)    0.2715   -0.0698   -1.2689
 D20    D(3,2,9,10)  176.7823  175.3656 -175.4257
 D21     D(2,3,5,6) -179.5399 -179.5142 -179.7162
 D22     D(2,3,5,7)   -0.2313   -0.4034    0.5742
 D23     D(4,3,5,6)    0.0785   -0.0556    0.4422
 D24     D(4,3,5,7)  179.3871  179.0552 -179.2674
 D25     D(3,5,7,8) -178.4140 -177.3754  176.3899
 D26     D(3,5,7,9)    0.3872    0.3457   -1.3288
 D27     D(6,5,7,8)    0.8775    1.7092   -3.3125
 D28     D(6,5,7,9)  179.6787  179.4303  178.9687
 D29     D(5,7,9,2)   -0.4117   -0.1798    1.6039
 D30    D(5,7,9,10) -176.4428 -175.0554  174.7254
 D31     D(8,7,9,2)  178.4207  177.6043 -176.1609
 D32    D(8,7,9,10)    2.3896    2.7287   -3.0394
 D33   D(2,9,10,18)   -1.1315   -6.8640   35.6350
 D34   D(2,9,10,21)  179.5397  176.4142 -150.8511
 D35   D(7,9,10,18)  174.4679  167.4020 -136.7988
 D36   D(7,9,10,21)   -4.8608   -9.3199   36.7151
 D37  D(9,10,18,11)   -0.0972    4.4643  -35.7332
 D38  D(9,10,18,16)  179.2930 -175.2107  136.7099
 D39 D(21,10,18,11)  179.2294 -178.8725  150.7450
 D40 D(21,10,18,16)   -1.3805    1.4526  -36.8119
 D41  D(9,10,21,22)  -54.9730  -45.7882    5.0182
 D42  D(9,10,21,29)  124.8195  133.6828 -178.2995
 D43 D(18,10,21,22)  125.6967  137.6360  177.7137
 D44 D(18,10,21,29)  -54.5107  -42.8930   -5.6041
 D45  D(1,11,12,13)   -5.4373   -8.9279   -2.5982
 D46  D(1,11,12,14)  174.0666  169.7292  177.2410
 D47 D(18,11,12,13) -179.5547 -179.0185  179.6883
 D48 D(18,11,12,14)   -0.0508   -0.3614   -0.4725
 D49  D(1,11,18,10)    5.8168   11.1398   -2.4330
 D50  D(1,11,18,16) -173.7009 -169.1154 -176.5911
 D51 D(12,11,18,10)  179.9207 -178.9273  175.4606
 D52 D(12,11,18,16)    0.4030    0.8175    1.3025
 D53 D(11,12,14,15)  179.9703 -179.5772  179.7204
 D54 D(11,12,14,16)   -0.3270   -0.2481   -0.5621
 D55 D(13,12,14,15)   -0.5805   -1.0698   -0.4593
 D56 D(13,12,14,16)  179.1222  178.2594  179.2583
 D57 D(12,14,16,17) -178.9918 -178.5754 -176.3903
 D58 D(12,14,16,18)    0.5592    0.7393    1.3373
 D59 D(15,14,16,17)    0.7037    0.7353    3.3203
 D60 D(15,14,16,18) -179.7453 -179.9499 -178.9520
 D61 D(14,16,18,10)  179.9494  178.7464 -174.7624
 D62 D(14,16,18,11)   -0.6011   -0.9613   -1.6294
 D63 D(17,16,18,10)   -0.4886   -1.9263    3.0120
 D64 D(17,16,18,11)  178.9609  178.3661  176.1450
 D65 D(10,21,22,23)   -1.1138   -1.8359    1.7404
 D66 D(10,21,22,24) -179.8657 -179.9525  179.8740
 D67 D(29,21,22,23)  179.0932  178.6798 -175.0518
 D68 D(29,21,22,24)    0.3413    0.5632    3.0818
 D69 D(10,21,29,27) -179.6227 -179.7602 -179.8557
 D70 D(10,21,29,30)   -1.0206   -2.3925   -1.7921
 D71 D(22,21,29,27)    0.1699   -0.2822   -3.0617
 D72 D(22,21,29,30)  178.7720  177.0855  175.0019
 D73 D(21,22,24,25)  179.3402  178.9260  179.9769
 D74 D(21,22,24,26)   -0.5222   -0.3739   -0.6887
 D75 D(23,22,24,25)    0.5882    0.8062   -1.8607
 D76 D(23,22,24,26) -179.2743 -178.4937  177.4737
 D77 D(22,24,26,27)    0.2087   -0.1041   -1.8826
 D78 D(22,24,26,31) -179.7503 -179.8829  179.6151
 D79 D(25,24,26,27) -179.6561 -179.4164  177.4626
 D80 D(25,24,26,31)    0.3848    0.8048   -1.0398
 D81 D(24,26,27,28) -179.5153 -178.7723 -177.4366
 D82 D(24,26,27,29)    0.2903    0.3772    1.9020
 D83 D(31,26,27,28)    0.4437    1.0065    1.0656
 D84 D(31,26,27,29) -179.7507 -179.8439 -179.5958
 D85 D(24,26,31,32)    0.1515    1.3333   -0.9578
 D86 D(24,26,31,33) -179.8306 -178.6700  179.0884
 D87 D(27,26,31,32) -179.8093 -178.4531 -179.5013
 D88 D(27,26,31,33)    0.2086    1.5436    0.5448
 D89 D(26,27,29,21)   -0.4754   -0.1754    0.6494
 D90 D(26,27,29,30) -179.0780 -177.5591 -177.4433
 D91 D(28,27,29,21)  179.3267  178.9590  179.9773
 D92 D(28,27,29,30)    0.7241    1.5753    1.8845
