optS0 = -1603.15431279
tdS0  = -1603.06429958
optS1 = -1603.07368808
optR1 = -1603.06736286

Name     Definition  -optS0_Value  -optS1_Value  -optR1_Value
  R1         R(1,2)        1.3348        1.3340        1.3309
  R2         R(1,5)        1.3894        1.4108        1.4084
  R3        R(1,19)        1.5543        1.5428        1.5440
  R4         R(2,3)        1.4176        1.4220        1.4218
  R5        R(2,21)        1.0882        1.0876        1.0871
  R6         R(3,4)        1.3959        1.4140        1.4139
  R7        R(3,30)        1.4710        1.4499        1.4516
  R8         R(4,5)        1.4152        1.4022        1.4004
  R9        R(4,22)        1.0863        1.0844        1.0843
 R10        R(5,12)        1.4055        1.4223        1.4439
 R11         R(6,7)        1.3927        1.3924        1.3896
 R12        R(6,11)        1.4031        1.4066        1.4162
 R13        R(6,23)        1.0908        1.0912        1.0867
 R14         R(7,8)        1.3954        1.3960        1.3962
 R15        R(7,24)        1.0902        1.0907        1.0907
 R16         R(8,9)        1.3955        1.3956        1.3962
 R17        R(8,25)        1.0904        1.0904        1.0901
 R18        R(9,10)        1.3927        1.3929        1.3896
 R19        R(9,26)        1.0902        1.0907        1.0907
 R20       R(10,11)        1.4030        1.4063        1.4162
 R21       R(10,27)        1.0907        1.0907        1.0867
 R22       R(11,12)        1.4783        1.4726        1.4543
 R23       R(12,13)        1.4055        1.4230        1.4439
 R24       R(13,14)        1.4153        1.4017        1.4004
 R25       R(13,17)        1.3886        1.4091        1.4084
 R26       R(14,15)        1.3958        1.4139        1.4139
 R27       R(14,28)        1.0866        1.0851        1.0843
 R28       R(15,16)        1.4177        1.4228        1.4218
 R29       R(15,40)        1.4709        1.4497        1.4516
 R30       R(16,17)        1.3348        1.3337        1.3309
 R31       R(16,29)        1.0881        1.0875        1.0871
 R32       R(17,19)        1.5529        1.5412        1.5440
 R33       R(18,19)        1.3921        1.3955        1.3900
 R34       R(19,20)        1.3962        1.4027        1.3970
 R35       R(30,31)        1.3985        1.4074        1.4063
 R36       R(30,32)        1.4062        1.4146        1.4138
 R37       R(31,33)        1.3950        1.3893        1.3899
 R38       R(31,36)        1.0912        1.0902        1.0903
 R39       R(32,34)        1.3860        1.3800        1.3806
 R40       R(32,37)        1.0912        1.0902        1.0903
 R41       R(33,35)        1.3989        1.4031        1.4026
 R42       R(33,38)        1.0884        1.0882        1.0882
 R43       R(34,35)        1.4025        1.4077        1.4069
 R44       R(34,39)        1.0902        1.0899        1.0899
 R45       R(35,50)        1.3555        1.3461        1.3471
 R46       R(40,41)        1.3985        1.4074        1.4063
 R47       R(40,42)        1.4062        1.4147        1.4138
 R48       R(41,43)        1.3951        1.3893        1.3898
 R49       R(41,46)        1.0913        1.0902        1.0903
 R50       R(42,44)        1.3859        1.3800        1.3806
 R51       R(42,47)        1.0912        1.0902        1.0903
 R52       R(43,45)        1.3988        1.4032        1.4026
 R53       R(43,48)        1.0884        1.0882        1.0882
 R54       R(44,45)        1.4026        1.4077        1.4069
 R55       R(44,49)        1.0902        1.0899        1.0899
 R56       R(45,55)        1.3555        1.3461        1.3471
 R57       R(50,51)        1.4168        1.4201        1.4197
 R58       R(51,52)        1.0947        1.0942        1.0942
 R59       R(51,53)        1.1013        1.1005        1.1005
 R60       R(51,54)        1.1013        1.1005        1.1006
 R61       R(55,56)        1.4168        1.4201        1.4197
 R62       R(56,57)        1.0947        1.0942        1.0942
 R63       R(56,58)        1.1013        1.1005        1.1006
 R64       R(56,59)        1.1013        1.1005        1.1005
  A1       A(2,1,5)      108.2569      108.7637      109.3688
  A2      A(2,1,19)      125.5350      124.8766      127.8833
  A3      A(5,1,19)      125.6185      125.5807      122.7480
  A4       A(1,2,3)      110.5779      109.9936      109.6452
  A5      A(1,2,21)      120.4059      120.3259      120.2829
  A6      A(3,2,21)      128.9945      129.6482      130.0646
  A7       A(2,3,4)      105.7187      105.9621      105.9215
  A8      A(2,3,30)      126.0314      125.7674      125.8843
  A9      A(4,3,30)      128.2467      128.2678      128.1939
 A10       A(3,4,5)      107.5898      107.7016      107.9417
 A11      A(3,4,22)      127.2005      127.0378      126.3099
 A12      A(5,4,22)      125.2064      125.2557      125.5429
 A13       A(1,5,4)      107.8507      107.5600      107.1218
 A14      A(1,5,12)      120.8560      120.5438      119.4585
 A15      A(4,5,12)      131.2933      131.8818      132.9847
 A16      A(7,6,11)      120.1427      120.7980      121.4527
 A17      A(7,6,23)      120.2675      119.9289      118.4451
 A18     A(11,6,23)      119.5721      119.2609      120.0633
 A19       A(6,7,8)      120.1537      120.2900      120.7314
 A20      A(6,7,24)      119.6524      119.5899      119.1626
 A21      A(8,7,24)      120.1938      120.1185      120.1012
 A22       A(7,8,9)      119.9564      119.5118      118.8197
 A23      A(7,8,25)      120.0195      120.2485      120.5806
 A24      A(9,8,25)      120.0241      120.2395      120.5805
 A25      A(8,9,10)      120.1681      120.3414      120.7318
 A26      A(8,9,26)      120.1862      120.1045      120.1010
 A27     A(10,9,26)      119.6454      119.5511      119.1625
 A28     A(9,10,11)      120.1303      120.7442      121.4524
 A29     A(9,10,27)      120.2197      119.7689      118.4447
 A30    A(11,10,27)      119.6272      119.4614      120.0642
 A31     A(6,11,10)      119.4431      118.3130      116.7023
 A32     A(6,11,12)      120.1008      120.3845      121.5921
 A33    A(10,11,12)      120.4556      121.2998      121.5959
 A34     A(5,12,11)      120.3141      121.4527      123.1412
 A35     A(5,12,13)      119.8676      118.3755      113.5811
 A36    A(11,12,13)      119.8138      120.0840      123.1361
 A37    A(12,13,14)      130.9789      131.1614      132.9815
 A38    A(12,13,17)      120.9937      120.9908      119.4613
 A39    A(14,13,17)      107.8570      107.6444      107.1222
 A40    A(13,14,15)      107.5779      107.6614      107.9420
 A41    A(13,14,28)      125.1214      124.9521      125.5412
 A42    A(15,14,28)      127.2493      127.2998      126.3119
 A43    A(14,15,16)      105.7298      105.9532      105.9211
 A44    A(14,15,40)      128.1504      128.2724      128.1916
 A45    A(16,15,40)      126.1192      125.7740      125.8870
 A46    A(15,16,17)      110.5392      109.9484      109.6450
 A47    A(15,16,29)      129.0585      129.7078      130.0647
 A48    A(17,16,29)      120.4006      120.3395      120.2831
 A49    A(13,17,16)      108.2947      108.7890      109.3687
 A50    A(13,17,19)      125.7385      125.4966      122.7457
 A51    A(16,17,19)      125.9537      125.6007      127.8856
 A52     A(1,19,17)      105.5934      104.9192      102.5474
 A53     A(1,19,18)      110.6982      110.8516      110.6941
 A54     A(1,19,20)      109.7481      110.2601      110.6839
 A55    A(17,19,18)      110.3767      110.7800      110.6940
 A56    A(17,19,20)      110.1759      110.5245      110.6839
 A57    A(18,19,20)      110.1590      109.4431      111.2330
 A58     A(3,30,31)      121.0296      120.9077      121.0231
 A59     A(3,30,32)      121.1601      121.5120      121.3907
 A60    A(31,30,32)      117.8103      117.5802      117.5861
 A61    A(30,31,33)      121.7425      121.8373      121.8288
 A62    A(30,31,36)      119.7434      119.6715      119.7219
 A63    A(33,31,36)      118.5081      118.4904      118.4480
 A64    A(30,32,34)      121.1265      121.1858      121.1945
 A65    A(30,32,37)      120.0381      120.0504      120.0595
 A66    A(34,32,37)      118.8292      118.7621      118.7447
 A67    A(31,33,35)      119.5979      119.5415      119.5594
 A68    A(31,33,38)      119.2007      119.3293      119.3133
 A69    A(35,33,38)      121.1998      121.1291      121.1271
 A70    A(32,34,35)      120.3614      120.3432      120.3417
 A71    A(32,34,39)      121.1777      121.3204      121.3066
 A72    A(35,34,39)      118.4596      118.3363      118.3516
 A73    A(33,35,34)      119.3607      119.5120      119.4892
 A74    A(33,35,50)      124.5891      124.5579      124.5506
 A75    A(34,35,50)      116.0502      115.9301      115.9602
 A76    A(15,40,41)      120.9479      120.8614      121.0208
 A77    A(15,40,42)      121.2363      121.5521      121.3930
 A78    A(41,40,42)      117.8157      117.5864      117.5860
 A79    A(40,41,43)      121.7479      121.8372      121.8294
 A80    A(40,41,46)      119.6940      119.6385      119.7218
 A81    A(43,41,46)      118.5515      118.5227      118.4475
 A82    A(40,42,44)      121.1145      121.1780      121.1940
 A83    A(40,42,47)      120.0495      120.0536      120.0598
 A84    A(44,42,47)      118.8297      118.7668      118.7449
 A85    A(41,43,45)      119.5866      119.5359      119.5589
 A86    A(41,43,48)      119.2046      119.3378      119.3131
 A87    A(45,43,48)      121.2069      121.1262      121.1277
 A88    A(42,44,45)      120.3690      120.3447      120.3421
 A89    A(42,44,49)      121.1790      121.3220      121.3068
 A90    A(45,44,49)      118.4506      118.3331      118.3510
 A91    A(43,45,44)      119.3656      119.5178      119.4892
 A92    A(43,45,55)      124.5938      124.5530      124.5510
 A93    A(44,45,55)      116.0406      115.9292      115.9598
 A94    A(35,50,51)      117.3348      117.8068      117.7380
 A95    A(50,51,52)      106.1323      105.9727      105.9906
 A96    A(50,51,53)      111.1925      110.9715      111.0003
 A97    A(50,51,54)      111.1938      110.9798      110.9907
 A98    A(52,51,53)      109.4714      109.6275      109.6126
 A99    A(52,51,54)      109.4863      109.6356      109.6270
A100    A(53,51,54)      109.3029      109.5873      109.5543
A101    A(45,55,56)      117.3304      117.8109      117.7379
A102    A(55,56,57)      106.1323      105.9696      105.9906
A103    A(55,56,58)      111.1974      110.9799      110.9904
A104    A(55,56,59)      111.1924      110.9682      111.0002
A105    A(57,56,58)      109.4820      109.6387      109.6272
A106    A(57,56,59)      109.4703      109.6276      109.6127
A107    A(58,56,59)      109.3046      109.5902      109.5544
  D1     D(5,1,2,3)       -0.0057       -0.7100        0.0562
  D2    D(5,1,2,21)     -178.4608     -178.8359     -179.0588
  D3    D(19,1,2,3)      171.5724      169.6348     -179.9803
  D4   D(19,1,2,21)       -6.8827       -8.4911        0.9048
  D5     D(2,1,5,4)        0.4757        1.3092       -0.2413
  D6    D(2,1,5,12)     -179.5813     -177.4691     -173.6290
  D7    D(19,1,5,4)     -171.0935     -168.9506      179.7929
  D8   D(19,1,5,12)        8.8495       12.2710        6.4052
  D9   D(2,1,19,17)      176.6453      169.0063      142.9165
 D10   D(2,1,19,18)       57.1807       49.3779       24.8130
 D11   D(2,1,19,20)      -64.6268      -71.9736      -98.9964
 D12   D(5,1,19,17)      -13.2064      -22.2536      -37.1244
 D13   D(5,1,19,18)     -132.6710     -141.8821     -155.2279
 D14   D(5,1,19,20)      105.5214       96.7664       80.9628
 D15     D(1,2,3,4)       -0.4678       -0.1559        0.1483
 D16    D(1,2,3,30)     -179.8597     -179.6010     -179.6650
 D17    D(21,2,3,4)      177.8177      177.7431      179.1496
 D18   D(21,2,3,30)       -1.5741       -1.7020       -0.6636
 D19     D(2,3,4,5)        0.7411        0.9593       -0.2942
 D20    D(2,3,4,22)     -179.8984     -179.8164      174.7082
 D21    D(30,3,4,5)     -179.8851     -179.6141      179.5133
 D22   D(30,3,4,22)       -0.5246       -0.3899       -5.4843
 D23   D(2,3,30,31)      160.0281      174.7427      175.3332
 D24   D(2,3,30,32)      -20.0094       -5.3602       -4.8132
 D25   D(4,3,30,31)      -19.2265       -4.5777       -4.4383
 D26   D(4,3,30,32)      160.7359      175.3193      175.4153
 D27     D(3,4,5,1)       -0.7654       -1.3885        0.3299
 D28    D(3,4,5,12)      179.2998      177.1982      172.4522
 D29    D(22,4,5,1)      179.8580      179.3697     -174.7208
 D30   D(22,4,5,12)       -0.0769       -2.0435       -2.5985
 D31   D(1,5,12,11)      179.0554     -179.8347     -154.4385
 D32   D(1,5,12,13)       -0.1654        3.5701       29.7683
 D33   D(4,5,12,11)       -1.0168        1.7298       34.2135
 D34   D(4,5,12,13)      179.7623     -174.8653     -141.5796
 D35    D(11,6,7,8)       -0.7463       -0.1386        0.8700
 D36   D(11,6,7,24)      179.1337      179.3930     -179.9217
 D37    D(23,6,7,8)     -179.2072     -178.8617     -176.8650
 D38   D(23,6,7,24)        0.6727        0.6699        2.3433
 D39   D(7,6,11,10)        0.5264        0.4204       -3.3362
 D40   D(7,6,11,12)     -179.7213      179.8312     -179.5867
 D41  D(23,6,11,10)      178.9981      179.1520      174.3627
 D42  D(23,6,11,12)       -1.2497       -1.4372       -1.8878
 D43     D(6,7,8,9)        0.2718       -0.1840        1.7289
 D44    D(6,7,8,25)     -179.6628      179.9768     -179.8537
 D45    D(24,7,8,9)     -179.6075     -179.7131     -177.4720
 D46   D(24,7,8,25)        0.4580        0.4477        0.9454
 D47    D(7,8,9,10)        0.4223        0.2157       -1.7287
 D48    D(7,8,9,26)     -179.3769     -179.1454      177.4726
 D49   D(25,8,9,10)     -179.6432     -179.9451      179.8539
 D50   D(25,8,9,26)        0.5577        0.6938       -0.9448
 D51   D(8,9,10,11)       -0.6396        0.0749       -0.8703
 D52   D(8,9,10,27)     -178.8945     -178.0789      176.8662
 D53  D(26,9,10,11)      179.1606      179.4395      179.9209
 D54  D(26,9,10,27)        0.9057        1.2857       -2.3426
 D55   D(9,10,11,6)        0.1655       -0.3885        3.3363
 D56  D(9,10,11,12)     -179.5858     -179.7937      179.5866
 D57  D(27,10,11,6)      178.4308      177.7708     -174.3640
 D58 D(27,10,11,12)       -1.3206       -1.6343        1.8863
 D59   D(6,11,12,5)      128.3424      134.7118     -179.6780
 D60  D(6,11,12,13)      -52.4363      -48.7504       -4.2831
 D61  D(10,11,12,5)      -51.9078      -45.8952        4.2549
 D62 D(10,11,12,13)      127.3134      130.6425      179.6498
 D63  D(5,12,13,14)      173.0817      168.9975      141.5785
 D64  D(5,12,13,17)       -1.5589       -5.1366      -29.7703
 D65 D(11,12,13,14)       -6.1430       -7.6457      -34.2149
 D66 D(11,12,13,17)      179.2164      178.2201      154.4363
 D67 D(12,13,14,15)     -175.5396     -174.2483     -172.4549
 D68 D(12,13,14,28)        2.0094        2.5705        2.6034
 D69 D(17,13,14,15)       -0.3650        0.4767       -0.3316
 D70 D(17,13,14,28)      177.1840      177.2955      174.7267
 D71 D(12,13,17,16)      175.9856      174.7398      173.6305
 D72 D(12,13,17,19)       -5.2699       -8.9677       -6.4019
 D73 D(14,13,17,16)        0.2342       -0.6291        0.2425
 D74 D(14,13,17,19)      178.9786      175.6634     -179.7899
 D75 D(13,14,15,16)        0.3466       -0.1633        0.2957
 D76 D(13,14,15,40)     -179.9158      179.6334     -179.5097
 D77 D(28,14,15,16)     -177.1348     -176.8855     -174.7141
 D78 D(28,14,15,40)        2.6028        2.9112        5.4806
 D79 D(14,15,16,17)       -0.2115       -0.2305       -0.1491
 D80 D(14,15,16,29)     -179.7228     -179.4540     -179.1539
 D81 D(40,15,16,17)     -179.9560      179.9662      179.6621
 D82 D(40,15,16,29)        0.5326        0.7428        0.6573
 D83 D(14,15,40,41)       20.3326        5.4429        4.4054
 D84 D(14,15,40,42)     -159.5700     -174.4746     -175.4506
 D85 D(16,15,40,41)     -159.9800     -174.7980     -175.3635
 D86 D(16,15,40,42)       20.1173        5.2845        4.7805
 D87 D(15,16,17,13)       -0.0146        0.5325       -0.0564
 D88 D(15,16,17,19)     -178.7556     -175.7552      179.9782
 D89 D(29,16,17,13)      179.5455      179.8403      179.0616
 D90 D(29,16,17,19)        0.8045        3.5526       -0.9038
 D91  D(13,17,19,1)       11.4215       20.5578       37.1221
 D92 D(13,17,19,18)      131.0984      140.2341      155.2256
 D93 D(13,17,19,20)     -107.0211      -98.2844      -80.9651
 D94  D(16,17,19,1)     -170.0512     -163.7600     -142.9167
 D95 D(16,17,19,18)      -50.3743      -44.0837      -24.8132
 D96 D(16,17,19,20)       71.5062       77.3978       98.9962
 D97  D(3,30,31,33)      179.8693      179.9712      179.6655
 D98  D(3,30,31,36)       -1.0357       -0.3563       -0.7541
 D99 D(32,30,31,33)       -0.0944        0.0701       -0.1935
D100 D(32,30,31,36)      179.0006      179.7426      179.3869
D101  D(3,30,32,34)      179.8917     -179.9409     -179.6813
D102  D(3,30,32,37)       -1.0205       -0.4179       -0.0953
D103 D(31,30,32,34)       -0.1446       -0.0405        0.1771
D104 D(31,30,32,37)      178.9432      179.4825      179.7631
D105 D(30,31,33,35)        0.2422       -0.0450        0.0689
D106 D(30,31,33,38)      179.7934      179.8701      179.8936
D107 D(36,31,33,35)     -178.8636     -179.7212     -179.5167
D108 D(36,31,33,38)        0.6876        0.1939        0.3080
D109 D(30,32,34,35)        0.2339       -0.0134       -0.0375
D110 D(30,32,34,39)      179.7968      179.8554      179.8431
D111 D(37,32,34,35)     -178.8646     -179.5424     -179.6288
D112 D(37,32,34,39)        0.6983        0.3264        0.2518
D113 D(31,33,35,34)       -0.1510       -0.0111        0.0772
D114 D(31,33,35,50)      179.8358     -179.9807     -179.9742
D115 D(38,33,35,34)     -179.6930     -179.9247     -179.7442
D116 D(38,33,35,50)        0.2938        0.1057        0.2044
D117 D(32,34,35,33)       -0.0828        0.0399       -0.0927
D118 D(32,34,35,50)      179.9293     -179.9879      179.9544
D119 D(39,34,35,33)     -179.6574     -179.8327     -179.9768
D120 D(39,34,35,50)        0.3547        0.1394        0.0703
D121 D(33,35,50,51)        0.0776       -0.0617        0.1795
D122 D(34,35,50,51)     -179.9352      179.9677     -179.8703
D123 D(15,40,41,43)     -179.7436     -179.9133     -179.6682
D124 D(15,40,41,46)        1.2045        0.5609        0.7485
D125 D(42,40,41,43)        0.1623        0.0074        0.1931
D126 D(42,40,41,46)     -178.8896     -179.5185     -179.3902
D127 D(15,40,42,44)     -179.9955      179.9029      179.6845
D128 D(15,40,42,47)        0.9278        0.3716        0.0953
D129 D(41,40,42,44)        0.0989       -0.0171       -0.1763
D130 D(41,40,42,47)     -178.9778     -179.5485     -179.7654
D131 D(40,41,43,45)       -0.2841        0.0076       -0.0694
D132 D(40,41,43,48)     -179.7853     -179.8485     -179.8948
D133 D(46,41,43,45)      178.7783      179.5385      179.5190
D134 D(46,41,43,48)       -0.7230       -0.3175       -0.3064
D135 D(40,42,44,45)       -0.2359        0.0118        0.0372
D136 D(40,42,44,49)     -179.7946     -179.8618     -179.8446
D137 D(47,42,44,45)      178.8519      179.5491      179.6316
D138 D(47,42,44,49)       -0.7068       -0.3246       -0.2502
D139 D(41,43,45,44)        0.1432       -0.0132       -0.0762
D140 D(41,43,45,55)     -179.8149     -179.9838      179.9750
D141 D(48,43,45,44)      179.6342      179.8402      179.7459
D142 D(48,43,45,55)       -0.3239       -0.1304       -0.2028
D143 D(42,44,45,43)        0.1120        0.0036        0.0920
D144 D(42,44,45,55)     -179.9264      179.9768     -179.9549
D145 D(49,44,45,43)      179.6826      179.8810      179.9773
D146 D(49,44,45,55)       -0.3558       -0.1458       -0.0696
D147 D(43,45,55,56)        0.0204       -0.0181       -0.1812
D148 D(44,45,55,56)     -179.9389     -179.9897      179.8684
D149 D(35,50,51,52)      179.8784      179.9840      179.8709
D150 D(35,50,51,53)      -61.1538      -61.0763      -61.1810
D151 D(35,50,51,54)       60.8920       61.0301       60.9107
D152 D(45,55,56,57)     -179.8902     -179.9718     -179.8697
D153 D(45,55,56,58)      -60.9071      -61.0160      -60.9095
D154 D(45,55,56,59)       61.1435       61.0920       61.1822
