optS0 = -1603.15431279
tdS0 = -1603.06429958
optS1 = -1603.07368808
optR1 = -1603.06736286

Name     Definition    optS0    optS1    optR1
  R1         R(1,2)  2.52242  2.52080  2.51498
  R2         R(1,5)  2.62557  2.66607  2.66143
  R3        R(1,19)  2.93728  2.91552  2.91782
  R4         R(2,3)  2.67887  2.68719  2.68685
  R5        R(2,21)  2.05642  2.05526  2.05426
  R6         R(3,4)  2.63783  2.67204  2.67190
  R7        R(3,30)  2.77976  2.73985  2.74315
  R8         R(4,5)  2.67442  2.64978  2.64635
  R9        R(4,22)  2.05286  2.04929  2.04901
 R10        R(5,12)  2.65608  2.68784  2.72851
 R11         R(6,7)  2.63179  2.63134  2.62590
 R12        R(6,11)  2.65145  2.65814  2.67628
 R13        R(6,23)  2.06135  2.06207  2.05363
 R14         R(7,8)  2.63701  2.63802  2.63845
 R15        R(7,24)  2.06018  2.06107  2.06105
 R16         R(8,9)  2.63707  2.63723  2.63845
 R17        R(8,25)  2.06060  2.06061  2.05993
 R18        R(9,10)  2.63178  2.63219  2.62591
 R19        R(9,26)  2.06015  2.06109  2.06105
 R20       R(10,11)  2.65131  2.65745  2.67627
 R21       R(10,27)  2.06121  2.06114  2.05362
 R22       R(11,12)  2.79352  2.78277  2.74816
 R23       R(12,13)  2.65597  2.68903  2.72851
 R24       R(13,14)  2.67448  2.64888  2.64633
 R25       R(13,17)  2.62413  2.66282  2.66142
 R26       R(14,15)  2.63769  2.67180  2.67190
 R27       R(14,28)  2.05331  2.05049  2.04900
 R28       R(15,16)  2.67915  2.68869  2.68686
 R29       R(15,40)  2.77959  2.73952  2.74314
 R30       R(16,17)  2.52242  2.52025  2.51498
 R31       R(16,29)  2.05629  2.05511  2.05426
 R32       R(17,19)  2.93455  2.91245  2.91782
 R33       R(18,19)  2.63061  2.63717  2.62665
 R34       R(19,20)  2.63851  2.65078  2.64001
 R35       R(30,31)  2.64277  2.65953  2.65760
 R36       R(30,32)  2.65728  2.67325  2.67163
 R37       R(31,33)  2.63611  2.62539  2.62644
 R38       R(31,36)  2.06213  2.06020  2.06036
 R39       R(32,34)  2.61917  2.60779  2.60896
 R40       R(32,37)  2.06215  2.06021  2.06033
 R41       R(33,35)  2.64356  2.65154  2.65051
 R42       R(33,38)  2.05685  2.05640  2.05638
 R43       R(34,35)  2.65030  2.66009  2.65873
 R44       R(34,39)  2.06023  2.05959  2.05965
 R45       R(35,50)  2.56149  2.54380  2.54560
 R46       R(40,41)  2.64276  2.65965  2.65760
 R47       R(40,42)  2.65738  2.67334  2.67164
 R48       R(41,43)  2.63627  2.62531  2.62643
 R49       R(41,46)  2.06224  2.06027  2.06036
 R50       R(42,44)  2.61905  2.60776  2.60895
 R51       R(42,47)  2.06213  2.06016  2.06033
 R52       R(43,45)  2.64342  2.65161  2.65052
 R53       R(43,48)  2.05685  2.05639  2.05638
 R54       R(44,45)  2.65048  2.66016  2.65873
 R55       R(44,49)  2.06025  2.05959  2.05965
 R56       R(45,55)  2.56155  2.54371  2.54559
 R57       R(50,51)  2.67744  2.68351  2.68293
 R58       R(51,52)  2.06869  2.06769  2.06777
 R59       R(51,53)  2.08112  2.07967  2.07972
 R60       R(51,54)  2.08112  2.07966  2.07979
 R61       R(55,56)  2.67737  2.68360  2.68293
 R62       R(56,57)  2.06868  2.06767  2.06777
 R63       R(56,58)  2.08109  2.07966  2.07979
 R64       R(56,59)  2.08117  2.07967  2.07972
  A1       A(2,1,5)  1.88944  1.89829  1.90884
  A2      A(2,1,19)  2.19100  2.17951  2.23198
  A3      A(5,1,19)  2.19246  2.19180  2.14236
  A4       A(1,2,3)  1.92995  1.91975  1.91367
  A5      A(1,2,21)  2.10148  2.10008  2.09933
  A6      A(3,2,21)  2.25138  2.26279  2.27006
  A7       A(2,3,4)  1.84514  1.84939  1.84868
  A8      A(2,3,30)  2.19966  2.19506  2.19710
  A9      A(4,3,30)  2.23833  2.23870  2.23740
 A10       A(3,4,5)  1.87780  1.87975  1.88394
 A11      A(3,4,22)  2.22007  2.21723  2.20452
 A12      A(5,4,22)  2.18526  2.18612  2.19114
 A13       A(1,5,4)  1.88235  1.87728  1.86963
 A14      A(1,5,12)  2.10933  2.10389  2.08494
 A15      A(4,5,12)  2.29150  2.30177  2.32102
 A16      A(7,6,11)  2.09689  2.10832  2.11975
 A17      A(7,6,23)  2.09906  2.09315  2.06726
 A18     A(11,6,23)  2.08693  2.08150  2.09550
 A19       A(6,7,8)  2.09708  2.09946  2.10716
 A20      A(6,7,24)  2.08833  2.08724  2.07978
 A21      A(8,7,24)  2.09778  2.09646  2.09616
 A22       A(7,8,9)  2.09363  2.08587  2.07379
 A23      A(7,8,25)  2.09474  2.09873  2.10453
 A24      A(9,8,25)  2.09482  2.09857  2.10453
 A25      A(8,9,10)  2.09733  2.10035  2.10717
 A26      A(8,9,26)  2.09764  2.09622  2.09616
 A27     A(10,9,26)  2.08821  2.08656  2.07978
 A28     A(9,10,11)  2.09667  2.10738  2.11974
 A29     A(9,10,27)  2.09823  2.09036  2.06725
 A30    A(11,10,27)  2.08789  2.08499  2.09552
 A31     A(6,11,10)  2.08468  2.06495  2.03684
 A32     A(6,11,12)  2.09616  2.10111  2.12218
 A33    A(10,11,12)  2.10235  2.11708  2.12225
 A34     A(5,12,11)  2.09988  2.11975  2.14922
 A35     A(5,12,13)  2.09208  2.06604  1.98236
 A36    A(11,12,13)  2.09114  2.09586  2.14913
 A37    A(12,13,14)  2.28601  2.28920  2.32097
 A38    A(12,13,17)  2.11174  2.11169  2.08499
 A39    A(14,13,17)  1.88246  1.87875  1.86963
 A40    A(13,14,15)  1.87759  1.87905  1.88394
 A41    A(13,14,28)  2.18378  2.18083  2.19111
 A42    A(15,14,28)  2.22092  2.22180  2.20456
 A43    A(14,15,16)  1.84533  1.84923  1.84867
 A44    A(14,15,40)  2.23665  2.23878  2.23736
 A45    A(16,15,40)  2.20120  2.19517  2.19714
 A46    A(15,16,17)  1.92927  1.91896  1.91367
 A47    A(15,16,29)  2.25250  2.26383  2.27006
 A48    A(17,16,29)  2.10139  2.10032  2.09934
 A49    A(13,17,16)  1.89010  1.89873  1.90884
 A50    A(13,17,19)  2.19455  2.19033  2.14232
 A51    A(16,17,19)  2.19831  2.19215  2.23202
 A52     A(1,19,17)  1.84295  1.83119  1.78979
 A53     A(1,19,18)  1.93205  1.93473  1.93198
 A54     A(1,19,20)  1.91547  1.92440  1.93180
 A55    A(17,19,18)  1.92644  1.93348  1.93198
 A56    A(17,19,20)  1.92293  1.92902  1.93180
 A57    A(18,19,20)  1.92264  1.91014  1.94138
 A58     A(3,30,31)  2.11236  2.11024  2.11225
 A59     A(3,30,32)  2.11464  2.12079  2.11867
 A60    A(31,30,32)  2.05618  2.05216  2.05226
 A61    A(30,31,33)  2.12481  2.12646  2.12631
 A62    A(30,31,36)  2.08992  2.08866  2.08954
 A63    A(33,31,36)  2.06836  2.06805  2.06731
 A64    A(30,32,34)  2.11406  2.11509  2.11524
 A65    A(30,32,37)  2.09506  2.09527  2.09543
 A66    A(34,32,37)  2.07396  2.07279  2.07249
 A67    A(31,33,35)  2.08738  2.08639  2.08671
 A68    A(31,33,38)  2.08045  2.08269  2.08241
 A69    A(35,33,38)  2.11534  2.11410  2.11407
 A70    A(32,34,35)  2.10070  2.10038  2.10036
 A71    A(32,34,39)  2.11495  2.11744  2.11720
 A72    A(35,34,39)  2.06751  2.06536  2.06563
 A73    A(33,35,34)  2.08324  2.08588  2.08548
 A74    A(33,35,50)  2.17449  2.17395  2.17382
 A75    A(34,35,50)  2.02546  2.02336  2.02389
 A76    A(15,40,41)  2.11094  2.10943  2.11221
 A77    A(15,40,42)  2.11597  2.12149  2.11871
 A78    A(41,40,42)  2.05627  2.05227  2.05226
 A79    A(40,41,43)  2.12490  2.12646  2.12632
 A80    A(40,41,46)  2.08905  2.08809  2.08954
 A81    A(43,41,46)  2.06911  2.06861  2.06730
 A82    A(40,42,44)  2.11385  2.11496  2.11523
 A83    A(40,42,47)  2.09526  2.09533  2.09544
 A84    A(44,42,47)  2.07397  2.07287  2.07249
 A85    A(41,43,45)  2.08718  2.08630  2.08670
 A86    A(41,43,48)  2.08051  2.08284  2.08241
 A87    A(45,43,48)  2.11546  2.11405  2.11408
 A88    A(42,44,45)  2.10083  2.10041  2.10037
 A89    A(42,44,49)  2.11497  2.11747  2.11720
 A90    A(45,44,49)  2.06735  2.06530  2.06562
 A91    A(43,45,44)  2.08332  2.08598  2.08548
 A92    A(43,45,55)  2.17457  2.17386  2.17382
 A93    A(44,45,55)  2.02529  2.02335  2.02388
 A94    A(35,50,51)  2.04788  2.05612  2.05492
 A95    A(50,51,52)  1.85236  1.84957  1.84989
 A96    A(50,51,53)  1.94067  1.93682  1.93732
 A97    A(50,51,54)  1.94070  1.93696  1.93715
 A98    A(52,51,53)  1.91064  1.91336  1.91310
 A99    A(52,51,54)  1.91090  1.91350  1.91335
A100    A(53,51,54)  1.90769  1.91266  1.91208
A101    A(45,55,56)  2.04780  2.05619  2.05491
A102    A(55,56,57)  1.85236  1.84952  1.84989
A103    A(55,56,58)  1.94076  1.93696  1.93715
A104    A(55,56,59)  1.94067  1.93676  1.93732
A105    A(57,56,58)  1.91082  1.91356  1.91336
A106    A(57,56,59)  1.91062  1.91336  1.91310
A107    A(58,56,59)  1.90773  1.91271  1.91209
  D1     D(5,1,2,3) -0.00010 -0.01240  0.00098
  D2    D(5,1,2,21) -3.11473 -3.12128 -3.12517
  D3    D(19,1,2,3)  2.99450  2.96068 -3.14125
  D4   D(19,1,2,21) -0.12013 -0.14820  0.01579
  D5     D(2,1,5,4)  0.00830  0.02285 -0.00421
  D6    D(2,1,5,12) -3.13428 -3.09742 -3.03040
  D7    D(19,1,5,4) -2.98614 -2.94875  3.13798
  D8   D(19,1,5,12)  0.15445  0.21417  0.11179
  D9   D(2,1,19,17)  3.08304  2.94972  2.49436
 D10   D(2,1,19,18)  0.99799  0.86181  0.43307
 D11   D(2,1,19,20) -1.12795 -1.25618 -1.72781
 D12   D(5,1,19,17) -0.23049 -0.38840 -0.64794
 D13   D(5,1,19,18) -2.31554 -2.47631 -2.70924
 D14   D(5,1,19,20)  1.84170  1.68889  1.41307
 D15     D(1,2,3,4) -0.00816 -0.00271  0.00259
 D16    D(1,2,3,30) -3.13914 -3.13462 -3.13575
 D17    D(21,2,3,4)  3.10350  3.10220  3.12675
 D18   D(21,2,3,30) -0.02747 -0.02971 -0.01158
 D19     D(2,3,4,5)  0.01293  0.01674 -0.00513
 D20    D(2,3,4,22) -3.13982 -3.13839  3.04923
 D21    D(30,3,4,5) -3.13959 -3.13486  3.13310
 D22   D(30,3,4,22) -0.00916 -0.00680 -0.09572
 D23   D(2,3,30,31)  2.79299  3.04984  3.06013
 D24   D(2,3,30,32) -0.34926 -0.09355 -0.08401
 D25   D(4,3,30,31) -0.33559 -0.07990 -0.07747
 D26   D(4,3,30,32)  2.80535  3.05990  3.06157
 D27     D(3,4,5,1) -0.01336 -0.02423  0.00576
 D28    D(3,4,5,12)  3.12937  3.09269  3.00986
 D29    D(22,4,5,1)  3.13911  3.13059 -3.04945
 D30   D(22,4,5,12) -0.00134 -0.03567 -0.04535
 D31   D(1,5,12,11)  3.12510 -3.13871 -2.69546
 D32   D(1,5,12,13) -0.00289  0.06231  0.51955
 D33   D(4,5,12,11) -0.01775  0.03019  0.59714
 D34   D(4,5,12,13)  3.13744 -3.05198 -2.47103
 D35    D(11,6,7,8) -0.01302 -0.00242  0.01518
 D36   D(11,6,7,24)  3.12647  3.13100 -3.14023
 D37    D(23,6,7,8) -3.12776 -3.12173 -3.08688
 D38   D(23,6,7,24)  0.01174  0.01169  0.04090
 D39   D(7,6,11,10)  0.00919  0.00734 -0.05823
 D40   D(7,6,11,12) -3.13673  3.13865 -3.13438
 D41  D(23,6,11,10)  3.12411  3.12679  3.04320
 D42  D(23,6,11,12) -0.02181 -0.02508 -0.03295
 D43     D(6,7,8,9)  0.00474 -0.00321  0.03017
 D44    D(6,7,8,25) -3.13571  3.14119 -3.13904
 D45    D(24,7,8,9) -3.13474 -3.13659 -3.09747
 D46   D(24,7,8,25)  0.00799  0.00781  0.01650
 D47    D(7,8,9,10)  0.00737  0.00376 -0.03017
 D48    D(7,8,9,26) -3.13072 -3.12668  3.09748
 D49   D(25,8,9,10) -3.13536 -3.14064  3.13904
 D50   D(25,8,9,26)  0.00973  0.01211 -0.01649
 D51   D(8,9,10,11) -0.01116  0.00131 -0.01519
 D52   D(8,9,10,27) -3.12230 -3.10806  3.08690
 D53  D(26,9,10,11)  3.12694  3.13181  3.14021
 D54  D(26,9,10,27)  0.01581  0.02244 -0.04089
 D55   D(9,10,11,6)  0.00289 -0.00678  0.05823
 D56  D(9,10,11,12) -3.13436 -3.13799  3.13438
 D57  D(27,10,11,6)  3.11421  3.10269 -3.04323
 D58 D(27,10,11,12) -0.02305 -0.02852  0.03292
 D59   D(6,11,12,5)  2.24000  2.35117 -3.13597
 D60  D(6,11,12,13) -0.91519 -0.85085 -0.07475
 D61  D(10,11,12,5) -0.90596 -0.80102  0.07426
 D62 D(10,11,12,13)  2.22204  2.28014  3.13548
 D63  D(5,12,13,14)  3.02085  2.94957  2.47101
 D64  D(5,12,13,17) -0.02721 -0.08965 -0.51959
 D65 D(11,12,13,14) -0.10721 -0.13344 -0.59716
 D66 D(11,12,13,17)  3.12792  3.11053  2.69542
 D67 D(12,13,14,15) -3.06374 -3.04121 -3.00990
 D68 D(12,13,14,28)  0.03507  0.04486  0.04544
 D69 D(17,13,14,15) -0.00637  0.00833 -0.00579
 D70 D(17,13,14,28)  3.09244  3.09439  3.04956
 D71 D(12,13,17,16)  3.07153  3.04978  3.03042
 D72 D(12,13,17,19) -0.09198 -0.15651 -0.11174
 D73 D(14,13,17,16)  0.00409 -0.01098  0.00423
 D74 D(14,13,17,19)  3.12377  3.06590 -3.13793
 D75 D(13,14,15,16)  0.00605 -0.00286  0.00516
 D76 D(13,14,15,40) -3.14012  3.13519 -3.13304
 D77 D(28,14,15,16) -3.09159 -3.08724 -3.04934
 D78 D(28,14,15,40)  0.04543  0.05081  0.09565
 D79 D(14,15,16,17) -0.00369 -0.00402 -0.00260
 D80 D(14,15,16,29) -3.13676 -3.13206 -3.12682
 D81 D(40,15,16,17) -3.14083  3.14100  3.13570
 D82 D(40,15,16,29)  0.00930  0.01296  0.01147
 D83 D(14,15,40,41)  0.35487  0.09499  0.07690
 D84 D(14,15,40,42) -2.78502 -3.04516 -3.06218
 D85 D(16,15,40,41) -2.79218 -3.05081 -3.06066
 D86 D(16,15,40,42)  0.35111  0.09223  0.08344
 D87 D(15,16,17,13) -0.00025  0.00929 -0.00098
 D88 D(15,16,17,19) -3.11988 -3.06751  3.14121
 D89 D(29,16,17,13)  3.13366  3.13881  3.12521
 D90 D(29,16,17,19)  0.01404  0.06200 -0.01577
 D91  D(13,17,19,1)  0.19934  0.35880  0.64790
 D92 D(13,17,19,18)  2.28810  2.44754  2.70920
 D93 D(13,17,19,20) -1.86787 -1.71539 -1.41311
 D94  D(16,17,19,1) -2.96795 -2.85815 -2.49437
 D95 D(16,17,19,18) -0.87920 -0.76941 -0.43307
 D96 D(16,17,19,20)  1.24802  1.35084  1.72781
 D97  D(3,30,31,33)  3.13931  3.14109  3.13575
 D98  D(3,30,31,36) -0.01808 -0.00622 -0.01316
 D99 D(32,30,31,33) -0.00165  0.00122 -0.00338
D100 D(32,30,31,36)  3.12415  3.13710  3.13089
D101  D(3,30,32,34)  3.13970 -3.14056 -3.13603
D102  D(3,30,32,37) -0.01781 -0.00729 -0.00166
D103 D(31,30,32,34) -0.00252 -0.00071  0.00309
D104 D(31,30,32,37)  3.12315  3.13256  3.13746
D105 D(30,31,33,35)  0.00423 -0.00079  0.00120
D106 D(30,31,33,38)  3.13799  3.13933  3.13973
D107 D(36,31,33,35) -3.12176 -3.13673 -3.13316
D108 D(36,31,33,38)  0.01200  0.00338  0.00538
D109 D(30,32,34,35)  0.00408 -0.00023 -0.00065
D110 D(30,32,34,39)  3.13805  3.13907  3.13885
D111 D(37,32,34,35) -3.12178 -3.13361 -3.13511
D112 D(37,32,34,39)  0.01219  0.00570  0.00439
D113 D(31,33,35,34) -0.00264 -0.00019  0.00135
D114 D(31,33,35,50)  3.13873 -3.14126 -3.14114
D115 D(38,33,35,34) -3.13623 -3.14028 -3.13713
D116 D(38,33,35,50)  0.00513  0.00184  0.00357
D117 D(32,34,35,33) -0.00144  0.00070 -0.00162
D118 D(32,34,35,50)  3.14036 -3.14138  3.14080
D119 D(39,34,35,33) -3.13561 -3.13867 -3.14119
D120 D(39,34,35,50)  0.00619  0.00243  0.00123
D121 D(33,35,50,51)  0.00135 -0.00108  0.00313
D122 D(34,35,50,51) -3.14046  3.14103 -3.13933
D123 D(15,40,41,43) -3.13712 -3.14008 -3.13580
D124 D(15,40,41,46)  0.02102  0.00979  0.01307
D125 D(42,40,41,43)  0.00283  0.00013  0.00337
D126 D(42,40,41,46) -3.12221 -3.13319 -3.13095
D127 D(15,40,42,44) -3.14151  3.13990  3.13608
D128 D(15,40,42,47)  0.01619  0.00649  0.00166
D129 D(41,40,42,44)  0.00173 -0.00030 -0.00308
D130 D(41,40,42,47) -3.12375 -3.13371 -3.13750
D131 D(40,41,43,45) -0.00496  0.00013 -0.00121
D132 D(40,41,43,48) -3.13785 -3.13895 -3.13976
D133 D(46,41,43,45)  3.12027  3.13354  3.13320
D134 D(46,41,43,48) -0.01262 -0.00554 -0.00535
D135 D(40,42,44,45) -0.00412  0.00021  0.00065
D136 D(40,42,44,49) -3.13801 -3.13918 -3.13888
D137 D(47,42,44,45)  3.12155  3.13372  3.13516
D138 D(47,42,44,49) -0.01234 -0.00566 -0.00437
D139 D(41,43,45,44)  0.00250 -0.00023 -0.00133
D140 D(41,43,45,55) -3.13836 -3.14131  3.14116
D141 D(48,43,45,44)  3.13521  3.13880  3.13716
D142 D(48,43,45,55) -0.00565 -0.00228 -0.00354
D143 D(42,44,45,43)  0.00196  0.00006  0.00161
D144 D(42,44,45,55) -3.14031  3.14119 -3.14081
D145 D(49,44,45,43)  3.13605  3.13952  3.14120
D146 D(49,44,45,55) -0.00621 -0.00255 -0.00122
D147 D(43,45,55,56)  0.00035 -0.00032 -0.00316
D148 D(44,45,55,56) -3.14053 -3.14141  3.13930
D149 D(35,50,51,52)  3.13947  3.14131  3.13934
D150 D(35,50,51,53) -1.06734 -1.06598 -1.06781
D151 D(35,50,51,54)  1.06277  1.06518  1.06309
D152 D(45,55,56,57) -3.13967 -3.14110 -3.13932
D153 D(45,55,56,58) -1.06303 -1.06493 -1.06307
D154 D(45,55,56,59)  1.06716  1.06626  1.06783
