optS0 = -1603.15483332
tdS0 = -1603.06528909
optS1 = -1603.07443537
optR1 = -1603.06804901

Name     Definition    optS0    optS1    optR1
  R1         R(1,2)  2.52265  2.52087  2.51499
  R2         R(1,5)  2.62565  2.66625  2.66170
  R3        R(1,19)  2.93673  2.91519  2.91739
  R4         R(2,3)  2.67873  2.68748  2.68715
  R5        R(2,21)  2.05642  2.05530  2.05430
  R6         R(3,4)  2.63798  2.67179  2.67160
  R7        R(3,30)  2.77984  2.73988  2.74315
  R8         R(4,5)  2.67430  2.65001  2.64667
  R9        R(4,22)  2.05286  2.04930  2.04898
 R10        R(5,12)  2.65621  2.68776  2.72831
 R11         R(6,7)  2.63179  2.63141  2.62604
 R12        R(6,11)  2.65153  2.65808  2.67615
 R13        R(6,23)  2.06134  2.06209  2.05359
 R14         R(7,8)  2.63705  2.63804  2.63842
 R15        R(7,24)  2.06017  2.06106  2.06104
 R16         R(8,9)  2.63711  2.63726  2.63842
 R17        R(8,25)  2.06059  2.06061  2.05993
 R18        R(9,10)  2.63177  2.63226  2.62604
 R19        R(9,26)  2.06014  2.06108  2.06104
 R20       R(10,11)  2.65139  2.65740  2.67615
 R21       R(10,27)  2.06120  2.06116  2.05359
 R22       R(11,12)  2.79338  2.78309  2.74890
 R23       R(12,13)  2.65609  2.68889  2.72831
 R24       R(13,14)  2.67436  2.64916  2.64665
 R25       R(13,17)  2.62422  2.66299  2.66168
 R26       R(14,15)  2.63782  2.67150  2.67160
 R27       R(14,28)  2.05330  2.05049  2.04898
 R28       R(15,16)  2.67901  2.68895  2.68716
 R29       R(15,40)  2.77966  2.73961  2.74314
 R30       R(16,17)  2.52265  2.52035  2.51499
 R31       R(16,29)  2.05630  2.05515  2.05430
 R32       R(17,19)  2.93404  2.91212  2.91738
 R33       R(18,19)  2.63109  2.63746  2.62682
 R34       R(19,20)  2.63908  2.65139  2.64079
 R35       R(30,31)  2.64286  2.65960  2.65769
 R36       R(30,32)  2.65730  2.67326  2.67166
 R37       R(31,33)  2.63612  2.62535  2.62640
 R38       R(31,36)  2.06212  2.06021  2.06037
 R39       R(32,34)  2.61924  2.60783  2.60899
 R40       R(32,37)  2.06214  2.06021  2.06033
 R41       R(33,35)  2.64363  2.65164  2.65061
 R42       R(33,38)  2.05686  2.05640  2.05637
 R43       R(34,35)  2.65036  2.66016  2.65881
 R44       R(34,39)  2.06025  2.05960  2.05966
 R45       R(35,50)  2.56140  2.54359  2.54539
 R46       R(40,41)  2.64284  2.65969  2.65769
 R47       R(40,42)  2.65740  2.67333  2.67166
 R48       R(41,43)  2.63627  2.62530  2.62639
 R49       R(41,46)  2.06224  2.06029  2.06037
 R50       R(42,44)  2.61911  2.60782  2.60899
 R51       R(42,47)  2.06213  2.06017  2.06033
 R52       R(43,45)  2.64350  2.65169  2.65062
 R53       R(43,48)  2.05685  2.05638  2.05637
 R54       R(44,45)  2.65054  2.66022  2.65881
 R55       R(44,49)  2.06027  2.05960  2.05966
 R56       R(45,55)  2.56146  2.54354  2.54539
 R57       R(50,51)  2.67781  2.68390  2.68332
 R58       R(51,52)  2.06867  2.06766  2.06774
 R59       R(51,53)  2.08106  2.07960  2.07965
 R60       R(51,54)  2.08105  2.07959  2.07972
 R61       R(55,56)  2.67774  2.68397  2.68332
 R62       R(56,57)  2.06865  2.06764  2.06774
 R63       R(56,58)  2.08102  2.07959  2.07972
 R64       R(56,59)  2.08111  2.07960  2.07965
  A1       A(2,1,5)  1.88942  1.89821  1.90884
  A2      A(2,1,19)  2.19107  2.17982  2.23207
  A3      A(5,1,19)  2.19247  2.19165  2.14227
  A4       A(1,2,3)  1.92992  1.91977  1.91367
  A5      A(1,2,21)  2.10156  2.10031  2.09954
  A6      A(3,2,21)  2.25134  2.26256  2.26985
  A7       A(2,3,4)  1.84516  1.84940  1.84870
  A8      A(2,3,30)  2.19971  2.19489  2.19697
  A9      A(4,3,30)  2.23826  2.23886  2.23752
 A10       A(3,4,5)  1.87784  1.87981  1.88405
 A11      A(3,4,22)  2.22008  2.21718  2.20433
 A12      A(5,4,22)  2.18522  2.18611  2.19123
 A13       A(1,5,4)  1.88234  1.87726  1.86950
 A14      A(1,5,12)  2.10941  2.10388  2.08494
 A15      A(4,5,12)  2.29143  2.30180  2.32126
 A16      A(7,6,11)  2.09685  2.10829  2.11981
 A17      A(7,6,23)  2.09894  2.09303  2.06697
 A18     A(11,6,23)  2.08708  2.08165  2.09573
 A19       A(6,7,8)  2.09707  2.09942  2.10716
 A20      A(6,7,24)  2.08831  2.08725  2.07972
 A21      A(8,7,24)  2.09780  2.09649  2.09622
 A22       A(7,8,9)  2.09368  2.08592  2.07373
 A23      A(7,8,25)  2.09471  2.09871  2.10456
 A24      A(9,8,25)  2.09480  2.09855  2.10456
 A25      A(8,9,10)  2.09732  2.10032  2.10717
 A26      A(8,9,26)  2.09767  2.09625  2.09622
 A27     A(10,9,26)  2.08819  2.08657  2.07972
 A28     A(9,10,11)  2.09664  2.10735  2.11981
 A29     A(9,10,27)  2.09812  2.09026  2.06696
 A30    A(11,10,27)  2.08803  2.08514  2.09575
 A31     A(6,11,10)  2.08472  2.06505  2.03678
 A32     A(6,11,12)  2.09616  2.10109  2.12220
 A33    A(10,11,12)  2.10229  2.11700  2.12227
 A34     A(5,12,11)  2.09994  2.11958  2.14903
 A35     A(5,12,13)  2.09190  2.06624  1.98275
 A36    A(11,12,13)  2.09126  2.09584  2.14894
 A37    A(12,13,14)  2.28599  2.28932  2.32121
 A38    A(12,13,17)  2.11180  2.11164  2.08499
 A39    A(14,13,17)  1.88245  1.87872  1.86950
 A40    A(13,14,15)  1.87763  1.87911  1.88405
 A41    A(13,14,28)  2.18377  2.18084  2.19120
 A42    A(15,14,28)  2.22091  2.22174  2.20437
 A43    A(14,15,16)  1.84536  1.84925  1.84869
 A44    A(14,15,40)  2.23656  2.23892  2.23748
 A45    A(16,15,40)  2.20126  2.19500  2.19701
 A46    A(15,16,17)  1.92924  1.91899  1.91367
 A47    A(15,16,29)  2.25243  2.26357  2.26985
 A48    A(17,16,29)  2.10148  2.10054  2.09955
 A49    A(13,17,16)  1.89008  1.89864  1.90884
 A50    A(13,17,19)  2.19456  2.19017  2.14223
 A51    A(16,17,19)  2.19834  2.19237  2.23212
 A52     A(1,19,17)  1.84334  1.83170  1.79041
 A53     A(1,19,18)  1.93214  1.93484  1.93224
 A54     A(1,19,20)  1.91561  1.92436  1.93166
 A55    A(17,19,18)  1.92651  1.93362  1.93224
 A56    A(17,19,20)  1.92306  1.92894  1.93166
 A57    A(18,19,20)  1.92187  1.90954  1.94062
 A58     A(3,30,31)  2.11233  2.11013  2.11212
 A59     A(3,30,32)  2.11467  2.12081  2.11870
 A60    A(31,30,32)  2.05619  2.05224  2.05236
 A61    A(30,31,33)  2.12482  2.12644  2.12628
 A62    A(30,31,36)  2.09007  2.08879  2.08967
 A63    A(33,31,36)  2.06820  2.06794  2.06721
 A64    A(30,32,34)  2.11402  2.11502  2.11516
 A65    A(30,32,37)  2.09521  2.09546  2.09561
 A66    A(34,32,37)  2.07384  2.07268  2.07239
 A67    A(31,33,35)  2.08738  2.08638  2.08669
 A68    A(31,33,38)  2.08041  2.08268  2.08240
 A69    A(35,33,38)  2.11536  2.11413  2.11409
 A70    A(32,34,35)  2.10074  2.10041  2.10038
 A71    A(32,34,39)  2.11480  2.11731  2.11707
 A72    A(35,34,39)  2.06762  2.06546  2.06573
 A73    A(33,35,34)  2.08321  2.08588  2.08549
 A74    A(33,35,50)  2.17446  2.17391  2.17377
 A75    A(34,35,50)  2.02551  2.02340  2.02392
 A76    A(15,40,41)  2.11089  2.10932  2.11208
 A77    A(15,40,42)  2.11600  2.12151  2.11874
 A78    A(41,40,42)  2.05630  2.05236  2.05236
 A79    A(40,41,43)  2.12490  2.12644  2.12629
 A80    A(40,41,46)  2.08920  2.08821  2.08967
 A81    A(43,41,46)  2.06897  2.06850  2.06720
 A82    A(40,42,44)  2.11381  2.11488  2.11515
 A83    A(40,42,47)  2.09541  2.09551  2.09562
 A84    A(44,42,47)  2.07386  2.07277  2.07240
 A85    A(41,43,45)  2.08719  2.08628  2.08668
 A86    A(41,43,48)  2.08048  2.08282  2.08240
 A87    A(45,43,48)  2.11549  2.11408  2.11410
 A88    A(42,44,45)  2.10087  2.10044  2.10039
 A89    A(42,44,49)  2.11483  2.11733  2.11708
 A90    A(45,44,49)  2.06747  2.06541  2.06572
 A91    A(43,45,44)  2.08330  2.08598  2.08549
 A92    A(43,45,55)  2.17454  2.17382  2.17378
 A93    A(44,45,55)  2.02534  2.02339  2.02392
 A94    A(35,50,51)  2.04789  2.05617  2.05497
 A95    A(50,51,52)  1.85232  1.84951  1.84983
 A96    A(50,51,53)  1.94058  1.93671  1.93721
 A97    A(50,51,54)  1.94061  1.93685  1.93704
 A98    A(52,51,53)  1.91071  1.91344  1.91319
 A99    A(52,51,54)  1.91097  1.91359  1.91344
A100    A(53,51,54)  1.90778  1.91278  1.91220
A101    A(45,55,56)  2.04781  2.05623  2.05497
A102    A(55,56,57)  1.85232  1.84946  1.84982
A103    A(55,56,58)  1.94067  1.93687  1.93704
A104    A(55,56,59)  1.94058  1.93666  1.93720
A105    A(57,56,58)  1.91090  1.91363  1.91344
A106    A(57,56,59)  1.91069  1.91344  1.91319
A107    A(58,56,59)  1.90781  1.91282  1.91220
  D1     D(5,1,2,3) -0.00010 -0.01224  0.00113
  D2    D(5,1,2,21) -3.11490 -3.12156 -3.12518
  D3    D(19,1,2,3)  2.99498  2.96138  3.14127
  D4   D(19,1,2,21) -0.11982 -0.14794  0.01495
  D5     D(2,1,5,4)  0.00830  0.02267 -0.00435
  D6    D(2,1,5,12) -3.13469 -3.09771 -3.03135
  D7    D(19,1,5,4) -2.98663 -2.94952  3.13861
  D8   D(19,1,5,12)  0.15356  0.21328  0.11161
  D9   D(2,1,19,17)  3.08419  2.95010  2.49599
 D10   D(2,1,19,18)  0.99878  0.86166  0.43393
 D11   D(2,1,19,20) -1.12636 -1.25561 -1.72607
 D12   D(5,1,19,17) -0.22879 -0.38736 -0.64723
 D13   D(5,1,19,18) -2.31421 -2.47581 -2.70930
 D14   D(5,1,19,20)  1.84384  1.69010  1.41389
 D15     D(1,2,3,4) -0.00815 -0.00280  0.00249
 D16    D(1,2,3,30) -3.13913 -3.13497 -3.13603
 D17    D(21,2,3,4)  3.10371  3.10263  3.12684
 D18   D(21,2,3,30) -0.02726 -0.02955 -0.01167
 D19     D(2,3,4,5)  0.01292  0.01671 -0.00512
 D20    D(2,3,4,22) -3.13962 -3.13859  3.04942
 D21    D(30,3,4,5) -3.13961 -3.13461  3.13330
 D22   D(30,3,4,22) -0.00897 -0.00673 -0.09535
 D23   D(2,3,30,31)  2.79591  3.05151  3.06077
 D24   D(2,3,30,32) -0.34633 -0.09194 -0.08335
 D25   D(4,3,30,31) -0.33266 -0.07855 -0.07705
 D26   D(4,3,30,32)  2.80828  3.06118  3.06202
 D27     D(3,4,5,1) -0.01334 -0.02411  0.00583
 D28    D(3,4,5,12)  3.12984  3.09295  3.01087
 D29    D(22,4,5,1)  3.13892  3.13088 -3.04953
 D30   D(22,4,5,12) -0.00107 -0.03524 -0.04449
 D31   D(1,5,12,11)  3.12505 -3.13859 -2.69601
 D32   D(1,5,12,13) -0.00308  0.06239  0.51900
 D33   D(4,5,12,11) -0.01831  0.03016  0.59557
 D34   D(4,5,12,13)  3.13674 -3.05205 -2.47261
 D35    D(11,6,7,8) -0.01305 -0.00233  0.01513
 D36   D(11,6,7,24)  3.12648  3.13118 -3.14012
 D37    D(23,6,7,8) -3.12769 -3.12192 -3.08711
 D38   D(23,6,7,24)  0.01183  0.01159  0.04083
 D39   D(7,6,11,10)  0.00919  0.00727 -0.05803
 D40   D(7,6,11,12) -3.13671  3.13861 -3.13387
 D41  D(23,6,11,10)  3.12401  3.12700  3.04357
 D42  D(23,6,11,12) -0.02189 -0.02484 -0.03227
 D43     D(6,7,8,9)  0.00476 -0.00323  0.03008
 D44    D(6,7,8,25) -3.13569  3.14116 -3.13894
 D45    D(24,7,8,9) -3.13475 -3.13670 -3.09773
 D46   D(24,7,8,25)  0.00798  0.00769  0.01643
 D47    D(7,8,9,10)  0.00738  0.00371 -0.03008
 D48    D(7,8,9,26) -3.13073 -3.12682  3.09774
 D49   D(25,8,9,10) -3.13535 -3.14069  3.13894
 D50   D(25,8,9,26)  0.00972  0.01197 -0.01642
 D51   D(8,9,10,11) -0.01120  0.00137 -0.01513
 D52   D(8,9,10,27) -3.12224 -3.10830  3.08713
 D53  D(26,9,10,11)  3.12693  3.13196  3.14010
 D54  D(26,9,10,27)  0.01589  0.02228 -0.04082
 D55   D(9,10,11,6)  0.00292 -0.00679  0.05803
 D56  D(9,10,11,12) -3.13435 -3.13804  3.13387
 D57  D(27,10,11,6)  3.11414  3.10298 -3.04360
 D58 D(27,10,11,12) -0.02313 -0.02826  0.03224
 D59   D(6,11,12,5)  2.24091  2.35038 -3.13616
 D60  D(6,11,12,13) -0.91414 -0.85159 -0.07491
 D61  D(10,11,12,5) -0.90503 -0.80177  0.07440
 D62 D(10,11,12,13)  2.22311  2.27944  3.13565
 D63  D(5,12,13,14)  3.02133  2.95044  2.47259
 D64  D(5,12,13,17) -0.02714 -0.08936 -0.51904
 D65 D(11,12,13,14) -0.10687 -0.13260 -0.59559
 D66 D(11,12,13,17)  3.12785  3.11079  2.69597
 D67 D(12,13,14,15) -3.06418 -3.04169 -3.01092
 D68 D(12,13,14,28)  0.03500  0.04474  0.04458
 D69 D(17,13,14,15) -0.00644  0.00837 -0.00586
 D70 D(17,13,14,28)  3.09274  3.09479  3.04964
 D71 D(12,13,17,16)  3.07189  3.05026  3.03137
 D72 D(12,13,17,19) -0.09083 -0.15641 -0.11155
 D73 D(14,13,17,16)  0.00413 -0.01098  0.00437
 D74 D(14,13,17,19)  3.12459  3.06554 -3.13856
 D75 D(13,14,15,16)  0.00612 -0.00292  0.00515
 D76 D(13,14,15,40) -3.14000  3.13519 -3.13323
 D77 D(28,14,15,16) -3.09190 -3.08767 -3.04952
 D78 D(28,14,15,40)  0.04517  0.05044  0.09528
 D79 D(14,15,16,17) -0.00373 -0.00395 -0.00250
 D80 D(14,15,16,29) -3.13696 -3.13202 -3.12692
 D81 D(40,15,16,17) -3.14092  3.14101  3.13598
 D82 D(40,15,16,29)  0.00904  0.01295  0.01156
 D83 D(14,15,40,41)  0.35260  0.09536  0.07648
 D84 D(14,15,40,42) -2.78731 -3.04477 -3.06263
 D85 D(16,15,40,41) -2.79438 -3.05035 -3.06130
 D86 D(16,15,40,42)  0.34889  0.09270  0.08278
 D87 D(15,16,17,13) -0.00025  0.00924 -0.00113
 D88 D(15,16,17,19) -3.12066 -3.06717 -3.14130
 D89 D(29,16,17,13)  3.13381  3.13878  3.12523
 D90 D(29,16,17,19)  0.01340  0.06236 -0.01493
 D91  D(13,17,19,1)  0.19751  0.35817  0.64719
 D92 D(13,17,19,18)  2.28665  2.44743  2.70926
 D93 D(13,17,19,20) -1.87016 -1.71622 -1.41393
 D94  D(16,17,19,1) -2.96886 -2.85923 -2.49599
 D95 D(16,17,19,18) -0.87972 -0.76997 -0.43393
 D96 D(16,17,19,20)  1.24665  1.34957  1.72606
 D97  D(3,30,31,33)  3.13939  3.14105  3.13579
 D98  D(3,30,31,36) -0.01779 -0.00606 -0.01307
 D99 D(32,30,31,33) -0.00157  0.00125 -0.00337
D100 D(32,30,31,36)  3.12443  3.13732  3.13096
D101  D(3,30,32,34)  3.13966 -3.14053 -3.13608
D102  D(3,30,32,37) -0.01775 -0.00718 -0.00164
D103 D(31,30,32,34) -0.00256 -0.00074  0.00307
D104 D(31,30,32,37)  3.12321  3.13262  3.13751
D105 D(30,31,33,35)  0.00418 -0.00079  0.00120
D106 D(30,31,33,38)  3.13806  3.13940  3.13974
D107 D(36,31,33,35) -3.12202 -3.13693 -3.13321
D108 D(36,31,33,38)  0.01186  0.00327  0.00533
D109 D(30,32,34,35)  0.00406 -0.00022 -0.00064
D110 D(30,32,34,39)  3.13807  3.13909  3.13889
D111 D(37,32,34,35) -3.12190 -3.13368 -3.13517
D112 D(37,32,34,39)  0.01210  0.00563  0.00436
D113 D(31,33,35,34) -0.00265 -0.00020  0.00134
D114 D(31,33,35,50)  3.13874 -3.14125 -3.14116
D115 D(38,33,35,34) -3.13637 -3.14037 -3.13714
D116 D(38,33,35,50)  0.00502  0.00177  0.00355
D117 D(32,34,35,33) -0.00140  0.00070 -0.00162
D118 D(32,34,35,50)  3.14039 -3.14139  3.14080
D119 D(39,34,35,33) -3.13560 -3.13867 -3.14121
D120 D(39,34,35,50)  0.00618  0.00242  0.00121
D121 D(33,35,50,51)  0.00133 -0.00097  0.00314
D122 D(34,35,50,51) -3.14046  3.14115 -3.13933
D123 D(15,40,41,43) -3.13719 -3.14008 -3.13584
D124 D(15,40,41,46)  0.02083  0.00982  0.01297
D125 D(42,40,41,43)  0.00278  0.00011  0.00336
D126 D(42,40,41,46) -3.12238 -3.13318 -3.13102
D127 D(15,40,42,44) -3.14146  3.13987  3.13613
D128 D(15,40,42,47)  0.01614  0.00649  0.00164
D129 D(41,40,42,44)  0.00175 -0.00030 -0.00306
D130 D(41,40,42,47) -3.12383 -3.13368 -3.13755
D131 D(40,41,43,45) -0.00493  0.00016 -0.00121
D132 D(40,41,43,48) -3.13788 -3.13891 -3.13976
D133 D(46,41,43,45)  3.12042  3.13354  3.13325
D134 D(46,41,43,48) -0.01253 -0.00553 -0.00530
D135 D(40,42,44,45) -0.00410  0.00022  0.00063
D136 D(40,42,44,49) -3.13804 -3.13917 -3.13892
D137 D(47,42,44,45)  3.12167  3.13371  3.13522
D138 D(47,42,44,49) -0.01226 -0.00568 -0.00433
D139 D(41,43,45,44)  0.00251 -0.00024 -0.00132
D140 D(41,43,45,55) -3.13835 -3.14132  3.14117
D141 D(48,43,45,44)  3.13528  3.13879  3.13717
D142 D(48,43,45,55) -0.00558 -0.00229 -0.00352
D143 D(42,44,45,43)  0.00192  0.00005  0.00161
D144 D(42,44,45,55) -3.14034  3.14117 -3.14081
D145 D(49,44,45,43)  3.13606  3.13951  3.14122
D146 D(49,44,45,55) -0.00620 -0.00256 -0.00120
D147 D(43,45,55,56)  0.00033 -0.00028 -0.00317
D148 D(44,45,55,56) -3.14056 -3.14137  3.13929
D149 D(35,50,51,52)  3.13949  3.14122  3.13935
D150 D(35,50,51,53) -1.06731 -1.06608 -1.06779
D151 D(35,50,51,54)  1.06277  1.06508  1.06310
D152 D(45,55,56,57) -3.13967 -3.14108 -3.13933
D153 D(45,55,56,58) -1.06301 -1.06490 -1.06307
D154 D(45,55,56,59)  1.06715  1.06628  1.06782
