optS0 = -1603.15496487
tdS0 = -1603.06534051
optS1 = -1603.07462439
optR1 = -1603.06822257

Name     Definition     optS0     optS1     optR1
  R1         R(1,2)    1.3350    1.3340    1.3309
  R2         R(1,5)    1.3894    1.4109    1.4085
  R3        R(1,19)    1.5540    1.5426    1.5438
  R4         R(2,3)    1.4175    1.4222    1.4220
  R5        R(2,21)    1.0882    1.0876    1.0871
  R6         R(3,4)    1.3960    1.4138    1.4137
  R7        R(3,30)    1.4710    1.4499    1.4516
  R8         R(4,5)    1.4152    1.4024    1.4006
  R9        R(4,22)    1.0863    1.0844    1.0843
 R10        R(5,12)    1.4056    1.4223    1.4437
 R11         R(6,7)    1.3927    1.3925    1.3897
 R12        R(6,11)    1.4031    1.4066    1.4161
 R13        R(6,23)    1.0908    1.0912    1.0867
 R14         R(7,8)    1.3955    1.3960    1.3962
 R15        R(7,24)    1.0902    1.0907    1.0907
 R16         R(8,9)    1.3955    1.3956    1.3962
 R17        R(8,25)    1.0904    1.0904    1.0901
 R18        R(9,10)    1.3927    1.3929    1.3897
 R19        R(9,26)    1.0902    1.0907    1.0907
 R20       R(10,11)    1.4031    1.4062    1.4161
 R21       R(10,27)    1.0907    1.0907    1.0867
 R22       R(11,12)    1.4782    1.4728    1.4548
 R23       R(12,13)    1.4056    1.4229    1.4437
 R24       R(13,14)    1.4152    1.4019    1.4006
 R25       R(13,17)    1.3887    1.4092    1.4085
 R26       R(14,15)    1.3959    1.4137    1.4137
 R27       R(14,28)    1.0866    1.0851    1.0843
 R28       R(15,16)    1.4177    1.4230    1.4220
 R29       R(15,40)    1.4709    1.4498    1.4516
 R30       R(16,17)    1.3350    1.3337    1.3309
 R31       R(16,29)    1.0881    1.0875    1.0871
 R32       R(17,19)    1.5526    1.5410    1.5438
 R33       R(18,19)    1.3924    1.3957    1.3901
 R34       R(19,20)    1.3966    1.4031    1.3975
 R35       R(30,31)    1.3986    1.4074    1.4064
 R36       R(30,32)    1.4062    1.4146    1.4138
 R37       R(31,33)    1.3950    1.3893    1.3898
 R38       R(31,36)    1.0912    1.0902    1.0903
 R39       R(32,34)    1.3860    1.3800    1.3806
 R40       R(32,37)    1.0912    1.0902    1.0903
 R41       R(33,35)    1.3990    1.4032    1.4027
 R42       R(33,38)    1.0884    1.0882    1.0882
 R43       R(34,35)    1.4025    1.4077    1.4070
 R44       R(34,39)    1.0902    1.0899    1.0899
 R45       R(35,50)    1.3554    1.3460    1.3469
 R46       R(40,41)    1.3985    1.4075    1.4064
 R47       R(40,42)    1.4062    1.4147    1.4138
 R48       R(41,43)    1.3951    1.3892    1.3898
 R49       R(41,46)    1.0913    1.0903    1.0903
 R50       R(42,44)    1.3860    1.3800    1.3806
 R51       R(42,47)    1.0912    1.0902    1.0903
 R52       R(43,45)    1.3989    1.4032    1.4027
 R53       R(43,48)    1.0884    1.0882    1.0882
 R54       R(44,45)    1.4026    1.4077    1.4070
 R55       R(44,49)    1.0903    1.0899    1.0899
 R56       R(45,55)    1.3555    1.3460    1.3469
 R57       R(50,51)    1.4171    1.4203    1.4200
 R58       R(51,52)    1.0947    1.0942    1.0942
 R59       R(51,53)    1.1012    1.1005    1.1005
 R60       R(51,54)    1.1012    1.1005    1.1005
 R61       R(55,56)    1.4171    1.4203    1.4200
 R62       R(56,57)    1.0947    1.0941    1.0942
 R63       R(56,58)    1.1012    1.1005    1.1005
 R64       R(56,59)    1.1013    1.1005    1.1005
  A1       A(2,1,5)  108.2553  108.7583  109.3686
  A2      A(2,1,19)  125.5402  124.8993  127.8896
  A3      A(5,1,19)  125.6198  125.5700  122.7418
  A4       A(1,2,3)  110.5759  109.9953  109.6455
  A5      A(1,2,21)  120.4114  120.3419  120.2979
  A6      A(3,2,21)  128.9914  129.6317  130.0495
  A7       A(2,3,4)  105.7200  105.9627  105.9230
  A8      A(2,3,30)  126.0350  125.7555  125.8749
  A9      A(4,3,30)  128.2418  128.2793  128.2019
 A10       A(3,4,5)  107.5926  107.7061  107.9497
 A11      A(3,4,22)  127.2013  127.0345  126.2959
 A12      A(5,4,22)  125.2030  125.2543  125.5499
 A13       A(1,5,4)  107.8503  107.5589  107.1123
 A14      A(1,5,12)  120.8614  120.5433  119.4579
 A15      A(4,5,12)  131.2881  131.8836  133.0022
 A16      A(7,6,11)  120.1401  120.7959  121.4573
 A17      A(7,6,23)  120.2587  119.9203  118.4243
 A18     A(11,6,23)  119.5833  119.2720  120.0800
 A19       A(6,7,8)  120.1532  120.2870  120.7316
 A20      A(6,7,24)  119.6513  119.5911  119.1584
 A21      A(8,7,24)  120.1954  120.1202  120.1054
 A22       A(7,8,9)  119.9594  119.5153  118.8153
 A23      A(7,8,25)  120.0179  120.2468  120.5830
 A24      A(9,8,25)  120.0227  120.2377  120.5829
 A25      A(8,9,10)  120.1675  120.3388  120.7319
 A26      A(8,9,26)  120.1877  120.1066  120.1052
 A27     A(10,9,26)  119.6446  119.5516  119.1583
 A28     A(9,10,11)  120.1278  120.7416  121.4569
 A29     A(9,10,27)  120.2119  119.7614  118.4238
 A30    A(11,10,27)  119.6372  119.4721  120.0809
 A31     A(6,11,10)  119.4463  118.3198  116.6982
 A32     A(6,11,12)  120.1015  120.3835  121.5935
 A33    A(10,11,12)  120.4517  121.2940  121.5974
 A34     A(5,12,11)  120.3186  121.4408  123.1274
 A35     A(5,12,13)  119.8546  118.3893  113.6090
 A36    A(11,12,13)  119.8224  120.0823  123.1221
 A37    A(12,13,14)  130.9771  131.1700  132.9990
 A38    A(12,13,17)  120.9980  120.9873  119.4608
 A39    A(14,13,17)  107.8563  107.6423  107.1127
 A40    A(13,14,15)  107.5807  107.6663  107.9499
 A41    A(13,14,28)  125.1204  124.9528  125.5482
 A42    A(15,14,28)  127.2486  127.2955  126.2980
 A43    A(14,15,16)  105.7314  105.9546  105.9226
 A44    A(14,15,40)  128.1443  128.2830  128.1997
 A45    A(16,15,40)  126.1237  125.7621  125.8775
 A46    A(15,16,17)  110.5371  109.9505  109.6452
 A47    A(15,16,29)  129.0539  129.6895  130.0496
 A48    A(17,16,29)  120.4073  120.3556  120.2982
 A49    A(13,17,16)  108.2931  108.7826  109.3685
 A50    A(13,17,19)  125.7391  125.4851  122.7394
 A51    A(16,17,19)  125.9559  125.6169  127.8920
 A52     A(1,19,17)  105.6215  104.9561  102.5918
 A53     A(1,19,18)  110.7050  110.8597  110.7129
 A54     A(1,19,20)  109.7588  110.2569  110.6741
 A55    A(17,19,18)  110.3816  110.7903  110.7129
 A56    A(17,19,20)  110.1849  110.5187  110.6741
 A57    A(18,19,20)  110.1035  109.4001  111.1787
 A58     A(3,30,31)  121.0273  120.9001  121.0140
 A59     A(3,30,32)  121.1617  121.5138  121.3930
 A60    A(31,30,32)  117.8110  117.5860  117.5929
 A61    A(30,31,33)  121.7433  121.8359  121.8267
 A62    A(30,31,36)  119.7543  119.6810  119.7313
 A63    A(33,31,36)  118.4965  118.4823  118.4408
 A64    A(30,32,34)  121.1242  121.1804  121.1884
 A65    A(30,32,37)  120.0491  120.0636  120.0722
 A66    A(34,32,37)  118.8207  118.7544  118.7382
 A67    A(31,33,35)  119.5983  119.5404  119.5582
 A68    A(31,33,38)  119.1985  119.3285  119.3128
 A69    A(35,33,38)  121.2018  121.1310  121.1288
 A70    A(32,34,35)  120.3639  120.3453  120.3435
 A71    A(32,34,39)  121.1669  121.3110  121.2976
 A72    A(35,34,39)  118.4678  118.3437  118.3589
 A73    A(33,35,34)  119.3586  119.5119  119.4900
 A74    A(33,35,50)  124.5871  124.5552  124.5471
 A75    A(34,35,50)  116.0542  115.9328  115.9629
 A76    A(15,40,41)  120.9441  120.8535  121.0117
 A77    A(15,40,42)  121.2384  121.5537  121.3952
 A78    A(41,40,42)  117.8175  117.5928  117.5929
 A79    A(40,41,43)  121.7479  121.8356  121.8272
 A80    A(40,41,46)  119.7043  119.6477  119.7312
 A81    A(43,41,46)  118.5413  118.5150  118.4403
 A82    A(40,42,44)  121.1116  121.1723  121.1879
 A83    A(40,42,47)  120.0600  120.0663  120.0725
 A84    A(44,42,47)  118.8222  118.7598  118.7384
 A85    A(41,43,45)  119.5870  119.5349  119.5577
 A86    A(41,43,48)  119.2022  119.3369  119.3126
 A87    A(45,43,48)  121.2089  121.1281  121.1294
 A88    A(42,44,45)  120.3714  120.3469  120.3439
 A89    A(42,44,49)  121.1684  121.3122  121.2977
 A90    A(45,44,49)  118.4588  118.3408  118.3583
 A91    A(43,45,44)  119.3639  119.5175  119.4900
 A92    A(43,45,55)  124.5916  124.5502  124.5475
 A93    A(44,45,55)  116.0444  115.9323  115.9625
 A94    A(35,50,51)  117.3353  117.8106  117.7415
 A95    A(50,51,52)  106.1295  105.9683  105.9863
 A96    A(50,51,53)  111.1857  110.9634  110.9920
 A97    A(50,51,54)  111.1873  110.9717  110.9826
 A98    A(52,51,53)  109.4765  109.6334  109.6188
 A99    A(52,51,54)  109.4913  109.6417  109.6332
A100    A(53,51,54)  109.3089  109.5958  109.5624
A101    A(45,55,56)  117.3309  117.8138  117.7415
A102    A(55,56,57)  106.1294  105.9655  105.9862
A103    A(55,56,58)  111.1907  110.9729  110.9823
A104    A(55,56,59)  111.1858  110.9607  110.9919
A105    A(57,56,58)  109.4873  109.6442  109.6334
A106    A(57,56,59)  109.4752  109.6331  109.6189
A107    A(58,56,59)  109.3106  109.5978  109.5626
  D1     D(5,1,2,3)   -0.0058   -0.6987    0.0668
  D2    D(5,1,2,21) -178.4731 -178.8567 -179.0602
  D3    D(19,1,2,3)  171.6066  169.6850  179.9716
  D4   D(19,1,2,21)   -6.8608   -8.4729    0.8445
  D5     D(2,1,5,4)    0.4751    1.2964   -0.2510
  D6    D(2,1,5,12) -179.6109 -177.4904 -173.6970
  D7    D(19,1,5,4) -171.1288 -169.0067  179.8383
  D8   D(19,1,5,12)    8.7851   12.2064    6.3924
  D9   D(2,1,19,17)  176.7282  169.0345  143.0330
 D10   D(2,1,19,18)   57.2376   49.3677   24.8747
 D11   D(2,1,19,20)  -64.5120  -71.9328  -98.8714
 D12   D(5,1,19,17)  -13.0836  -22.1787  -37.0738
 D13   D(5,1,19,18) -132.5742 -141.8456 -155.2321
 D14   D(5,1,19,20)  105.6761   96.8539   81.0217
 D15     D(1,2,3,4)   -0.4670   -0.1614    0.1410
 D16    D(1,2,3,30) -179.8583 -179.6261 -179.6852
 D17    D(21,2,3,4)  177.8323  177.7744  179.1563
 D18   D(21,2,3,30)   -1.5590   -1.6904   -0.6699
 D19     D(2,3,4,5)    0.7400    0.9569   -0.2930
 D20    D(2,3,4,22) -179.8842 -179.8304  174.7212
 D21    D(30,3,4,5) -179.8868 -179.5965  179.5277
 D22   D(30,3,4,22)   -0.5110   -0.3837   -5.4581
 D23   D(2,3,30,31)  160.2363  174.8688  175.3765
 D24   D(2,3,30,32)  -19.8010   -5.2386   -4.7679
 D25   D(4,3,30,31)  -19.0176   -4.4757   -4.4108
 D26   D(4,3,30,32)  160.9450  175.4169  175.4448
 D27     D(3,4,5,1)   -0.7643   -1.3795    0.3349
 D28    D(3,4,5,12)  179.3340  177.2171  172.5245
 D29    D(22,4,5,1)  179.8442  179.3900 -174.7262
 D30   D(22,4,5,12)   -0.0575   -2.0134   -2.5366
 D31   D(1,5,12,11)  179.0514 -179.8263 -154.4781
 D32   D(1,5,12,13)   -0.1793    3.5759   29.7285
 D33   D(4,5,12,11)   -1.0576    1.7274   34.1004
 D34   D(4,5,12,13)  179.7117 -174.8705 -141.6930
 D35    D(11,6,7,8)   -0.7481   -0.1323    0.8660
 D36   D(11,6,7,24)  179.1339  179.4060 -179.9137
 D37    D(23,6,7,8) -179.2025 -178.8760 -176.8819
 D38   D(23,6,7,24)    0.6794    0.6624    2.3384
 D39   D(7,6,11,10)    0.5264    0.4153   -3.3218
 D40   D(7,6,11,12) -179.7202  179.8288 -179.5503
 D41  D(23,6,11,10)  178.9913  179.1670  174.3894
 D42  D(23,6,11,12)   -1.2553   -1.4196   -1.8391
 D43     D(6,7,8,9)    0.2732   -0.1857    1.7221
 D44    D(6,7,8,25) -179.6617  179.9751 -179.8468
 D45    D(24,7,8,9) -179.6081 -179.7215 -177.4909
 D46   D(24,7,8,25)    0.4570    0.4392    0.9403
 D47    D(7,8,9,10)    0.4232    0.2118   -1.7219
 D48    D(7,8,9,26) -179.3780 -179.1554  177.4916
 D49   D(25,8,9,10) -179.6419 -179.9489  179.8469
 D50   D(25,8,9,26)    0.5568    0.6839   -0.9396
 D51   D(8,9,10,11)   -0.6424    0.0798   -0.8663
 D52   D(8,9,10,27) -178.8904 -178.0961  176.8831
 D53  D(26,9,10,11)  179.1599  179.4505  179.9129
 D54  D(26,9,10,27)    0.9119    1.2746   -2.3377
 D55   D(9,10,11,6)    0.1679   -0.3889    3.3219
 D56  D(9,10,11,12) -179.5846 -179.7968  179.5502
 D57  D(27,10,11,6)  178.4259  177.7922 -174.3907
 D58 D(27,10,11,12)   -1.3266   -1.6157    1.8376
 D59   D(6,11,12,5)  128.4084  134.6556 -179.6913
 D60  D(6,11,12,13)  -52.3607  -48.8034   -4.2944
 D61  D(10,11,12,5)  -51.8407  -45.9486    4.2648
 D62 D(10,11,12,13)  127.3902  130.5924  179.6618
 D63  D(5,12,13,14)  173.1164  169.0601  141.6919
 D64  D(5,12,13,17)   -1.5535   -5.1160  -29.7305
 D65 D(11,12,13,14)   -6.1181   -7.5854  -34.1018
 D66 D(11,12,13,17)  179.2119  178.2385  154.4758
 D67 D(12,13,14,15) -175.5710 -174.2826 -172.5272
 D68 D(12,13,14,28)    2.0042    2.5616    2.5417
 D69 D(17,13,14,15)   -0.3697    0.4800   -0.3366
 D70 D(17,13,14,28)  177.2054  177.3242  174.7322
 D71 D(12,13,17,16)  176.0116  174.7737  173.6985
 D72 D(12,13,17,19)   -5.1873   -8.9595   -6.3891
 D73 D(14,13,17,16)    0.2370   -0.6289    0.2522
 D74 D(14,13,17,19)  179.0381  175.6379 -179.8353
 D75 D(13,14,15,16)    0.3514   -0.1685    0.2946
 D76 D(13,14,15,40) -179.9068  179.6329 -179.5241
 D77 D(28,14,15,16) -177.1570 -176.9170 -174.7272
 D78 D(28,14,15,40)    2.5848    2.8843    5.4542
 D79 D(14,15,16,17)   -0.2146   -0.2251   -0.1418
 D80 D(14,15,16,29) -179.7374 -179.4506 -179.1606
 D81 D(40,15,16,17) -179.9632  179.9671  179.6823
 D82 D(40,15,16,29)    0.5140    0.7415    0.6635
 D83 D(14,15,40,41)   20.1725    5.4688    4.3777
 D84 D(14,15,40,42) -159.7319 -174.4470 -175.4803
 D85 D(16,15,40,41) -160.1351 -174.7665 -175.4070
 D86 D(16,15,40,42)   19.9604    5.3177    4.7350
 D87 D(15,16,17,13)   -0.0144    0.5290   -0.0671
 D88 D(15,16,17,19) -178.8122 -175.7317 -179.9737
 D89 D(29,16,17,13)  179.5560  179.8384  179.0631
 D90 D(29,16,17,19)    0.7582    3.5777   -0.8436
 D91  D(13,17,19,1)   11.2897   20.5117   37.0715
 D92 D(13,17,19,18)  130.9938  140.2248  155.2298
 D93 D(13,17,19,20) -107.1862  -98.3450  -81.0241
 D94  D(16,17,19,1) -170.1166 -163.8372 -143.0332
 D95 D(16,17,19,18)  -50.4125  -44.1240  -24.8749
 D96 D(16,17,19,20)   71.4075   77.3062   98.8712
 D97  D(3,30,31,33)  179.8748  179.9685  179.6682
 D98  D(3,30,31,36)   -1.0153   -0.3443   -0.7475
 D99 D(32,30,31,33)   -0.0891    0.0718   -0.1926
D100 D(32,30,31,36)  179.0208  179.7590  179.3917
D101  D(3,30,32,34)  179.8888 -179.9387 -179.6845
D102  D(3,30,32,37)   -1.0162   -0.4090   -0.0936
D103 D(31,30,32,34)   -0.1474   -0.0427    0.1758
D104 D(31,30,32,37)  178.9476  179.4870  179.7667
D105 D(30,31,33,35)    0.2387   -0.0453    0.0689
D106 D(30,31,33,38)  179.7985  179.8758  179.8940
D107 D(36,31,33,35) -178.8820 -179.7360 -179.5206
D108 D(36,31,33,38)    0.6778    0.1851    0.3045
D109 D(30,32,34,35)    0.2325   -0.0122   -0.0365
D110 D(30,32,34,39)  179.7982  179.8568  179.8455
D111 D(37,32,34,35) -178.8735 -179.5479 -179.6328
D112 D(37,32,34,39)    0.6923    0.3211    0.2492
D113 D(31,33,35,34)   -0.1519   -0.0119    0.0769
D114 D(31,33,35,50)  179.8365 -179.9804 -179.9751
D115 D(38,33,35,34) -179.7026 -179.9315 -179.7451
D116 D(38,33,35,50)    0.2858    0.0999    0.2030
D117 D(32,34,35,33)   -0.0794    0.0402   -0.0928
D118 D(32,34,35,50)  179.9312 -179.9885  179.9548
D119 D(39,34,35,33) -179.6567 -179.8326 -179.9782
D120 D(39,34,35,50)    0.3539    0.1386    0.0694
D121 D(33,35,50,51)    0.0761   -0.0536    0.1803
D122 D(34,35,50,51) -179.9351  179.9768 -179.8700
D123 D(15,40,41,43) -179.7488 -179.9132 -179.6711
D124 D(15,40,41,46)    1.1909    0.5630    0.7418
D125 D(42,40,41,43)    0.1588    0.0058    0.1921
D126 D(42,40,41,46) -178.9015 -179.5179 -179.3950
D127 D(15,40,42,44) -179.9918  179.9012  179.6878
D128 D(15,40,42,47)    0.9239    0.3722    0.0937
D129 D(41,40,42,44)    0.1009   -0.0172   -0.1749
D130 D(41,40,42,47) -178.9834 -179.5463 -179.7690
D131 D(40,41,43,45)   -0.2821    0.0096   -0.0693
D132 D(40,41,43,48) -179.7877 -179.8460 -179.8952
D133 D(46,41,43,45)  178.7888  179.5386  179.5230
D134 D(46,41,43,48)   -0.7169   -0.3170   -0.3029
D135 D(40,42,44,45)   -0.2350    0.0131    0.0362
D136 D(40,42,44,49) -179.7966 -179.8608 -179.8470
D137 D(47,42,44,45)  178.8605  179.5482  179.6356
D138 D(47,42,44,49)   -0.7011   -0.3257   -0.2476
D139 D(41,43,45,44)    0.1442   -0.0140   -0.0759
D140 D(41,43,45,55) -179.8142 -179.9842  179.9759
D141 D(48,43,45,44)  179.6397  179.8389  179.7469
D142 D(48,43,45,55)   -0.3187   -0.1313   -0.2014
D143 D(42,44,45,43)    0.1096    0.0028    0.0922
D144 D(42,44,45,55) -179.9285  179.9755 -179.9553
D145 D(49,44,45,43)  179.6829  179.8804  179.9787
D146 D(49,44,45,55)   -0.3552   -0.1469   -0.0687
D147 D(43,45,55,56)    0.0186   -0.0153   -0.1819
D148 D(44,45,55,56) -179.9410 -179.9864  179.8682
D149 D(35,50,51,52)  179.8798  179.9769  179.8716
D150 D(35,50,51,53)  -61.1517  -61.0834  -61.1799
D151 D(35,50,51,54)   60.8926   61.0226   60.9110
D152 D(45,55,56,57) -179.8900 -179.9703 -179.8703
D153 D(45,55,56,58)  -60.9059  -61.0141  -60.9097
D154 D(45,55,56,59)   61.1431   61.0934   61.1811
