optS0 = -1603.15496487
tdS0 = -1603.06534051
optS1 = -1603.07462439
optR1 = -1603.06822257

Name     Definition    optS0    optS1    optR1
  R1         R(1,2)  2.52271  2.52089  2.51499
  R2         R(1,5)  2.62567  2.66629  2.66176
  R3        R(1,19)  2.93659  2.91510  2.91728
  R4         R(2,3)  2.67870  2.68756  2.68722
  R5        R(2,21)  2.05643  2.05532  2.05431
  R6         R(3,4)  2.63801  2.67173  2.67153
  R7        R(3,30)  2.77986  2.73989  2.74315
  R8         R(4,5)  2.67427  2.65006  2.64675
  R9        R(4,22)  2.05286  2.04930  2.04898
 R10        R(5,12)  2.65624  2.68774  2.72826
 R11         R(6,7)  2.63178  2.63142  2.62607
 R12        R(6,11)  2.65155  2.65807  2.67612
 R13        R(6,23)  2.06134  2.06209  2.05359
 R14         R(7,8)  2.63706  2.63805  2.63841
 R15        R(7,24)  2.06016  2.06106  2.06104
 R16         R(8,9)  2.63712  2.63726  2.63841
 R17        R(8,25)  2.06059  2.06061  2.05993
 R18        R(9,10)  2.63177  2.63228  2.62608
 R19        R(9,26)  2.06014  2.06108  2.06104
 R20       R(10,11)  2.65141  2.65738  2.67612
 R21       R(10,27)  2.06120  2.06116  2.05358
 R22       R(11,12)  2.79334  2.78317  2.74909
 R23       R(12,13)  2.65612  2.68885  2.72826
 R24       R(13,14)  2.67433  2.64923  2.64674
 R25       R(13,17)  2.62424  2.66303  2.66175
 R26       R(14,15)  2.63786  2.67142  2.67153
 R27       R(14,28)  2.05330  2.05049  2.04898
 R28       R(15,16)  2.67898  2.68902  2.68723
 R29       R(15,40)  2.77968  2.73963  2.74315
 R30       R(16,17)  2.52271  2.52037  2.51500
 R31       R(16,29)  2.05630  2.05516  2.05431
 R32       R(17,19)  2.93392  2.91204  2.91727
 R33       R(18,19)  2.63121  2.63754  2.62686
 R34       R(19,20)  2.63923  2.65154  2.64098
 R35       R(30,31)  2.64288  2.65961  2.65771
 R36       R(30,32)  2.65731  2.67327  2.67166
 R37       R(31,33)  2.63612  2.62534  2.62639
 R38       R(31,36)  2.06212  2.06021  2.06037
 R39       R(32,34)  2.61925  2.60784  2.60900
 R40       R(32,37)  2.06214  2.06021  2.06033
 R41       R(33,35)  2.64365  2.65166  2.65064
 R42       R(33,38)  2.05686  2.05640  2.05637
 R43       R(34,35)  2.65038  2.66018  2.65883
 R44       R(34,39)  2.06026  2.05961  2.05966
 R45       R(35,50)  2.56138  2.54353  2.54534
 R46       R(40,41)  2.64287  2.65971  2.65771
 R47       R(40,42)  2.65741  2.67333  2.67166
 R48       R(41,43)  2.63627  2.62529  2.62638
 R49       R(41,46)  2.06224  2.06029  2.06037
 R50       R(42,44)  2.61913  2.60783  2.60899
 R51       R(42,47)  2.06213  2.06017  2.06033
 R52       R(43,45)  2.64352  2.65171  2.65065
 R53       R(43,48)  2.05685  2.05638  2.05637
 R54       R(44,45)  2.65056  2.66023  2.65883
 R55       R(44,49)  2.06028  2.05960  2.05966
 R56       R(45,55)  2.56143  2.54349  2.54534
 R57       R(50,51)  2.67790  2.68400  2.68342
 R58       R(51,52)  2.06866  2.06765  2.06773
 R59       R(51,53)  2.08104  2.07958  2.07963
 R60       R(51,54)  2.08104  2.07958  2.07971
 R61       R(55,56)  2.67784  2.68407  2.68342
 R62       R(56,57)  2.06864  2.06764  2.06773
 R63       R(56,58)  2.08101  2.07958  2.07970
 R64       R(56,59)  2.08109  2.07958  2.07963
  A1       A(2,1,5)  1.88941  1.89819  1.90884
  A2      A(2,1,19)  2.19109  2.17990  2.23210
  A3      A(5,1,19)  2.19248  2.19161  2.14225
  A4       A(1,2,3)  1.92991  1.91978  1.91367
  A5      A(1,2,21)  2.10158  2.10036  2.09959
  A6      A(3,2,21)  2.25132  2.26250  2.26979
  A7       A(2,3,4)  1.84516  1.84940  1.84870
  A8      A(2,3,30)  2.19973  2.19485  2.19693
  A9      A(4,3,30)  2.23824  2.23890  2.23754
 A10       A(3,4,5)  1.87784  1.87983  1.88408
 A11      A(3,4,22)  2.22008  2.21717  2.20428
 A12      A(5,4,22)  2.18520  2.18610  2.19126
 A13       A(1,5,4)  1.88234  1.87726  1.86946
 A14      A(1,5,12)  2.10943  2.10388  2.08493
 A15      A(4,5,12)  2.29141  2.30180  2.32133
 A16      A(7,6,11)  2.09684  2.10829  2.11983
 A17      A(7,6,23)  2.09891  2.09300  2.06689
 A18     A(11,6,23)  2.08712  2.08169  2.09579
 A19       A(6,7,8)  2.09707  2.09940  2.10716
 A20      A(6,7,24)  2.08831  2.08726  2.07971
 A21      A(8,7,24)  2.09781  2.09649  2.09623
 A22       A(7,8,9)  2.09369  2.08594  2.07372
 A23      A(7,8,25)  2.09471  2.09870  2.10457
 A24      A(9,8,25)  2.09479  2.09854  2.10457
 A25      A(8,9,10)  2.09732  2.10031  2.10717
 A26      A(8,9,26)  2.09767  2.09626  2.09623
 A27     A(10,9,26)  2.08819  2.08657  2.07970
 A28     A(9,10,11)  2.09663  2.10734  2.11982
 A29     A(9,10,27)  2.09809  2.09023  2.06689
 A30    A(11,10,27)  2.08806  2.08518  2.09581
 A31     A(6,11,10)  2.08473  2.06507  2.03677
 A32     A(6,11,12)  2.09617  2.10109  2.12221
 A33    A(10,11,12)  2.10228  2.11698  2.12228
 A34     A(5,12,11)  2.09996  2.11954  2.14898
 A35     A(5,12,13)  2.09186  2.06628  1.98285
 A36    A(11,12,13)  2.09129  2.09583  2.14889
 A37    A(12,13,14)  2.28598  2.28935  2.32127
 A38    A(12,13,17)  2.11181  2.11163  2.08498
 A39    A(14,13,17)  1.88245  1.87871  1.86947
 A40    A(13,14,15)  1.87764  1.87913  1.88408
 A41    A(13,14,28)  2.18376  2.18084  2.19123
 A42    A(15,14,28)  2.22091  2.22173  2.20432
 A43    A(14,15,16)  1.84536  1.84926  1.84870
 A44    A(14,15,40)  2.23654  2.23896  2.23751
 A45    A(16,15,40)  2.20127  2.19496  2.19698
 A46    A(15,16,17)  1.92924  1.91900  1.91367
 A47    A(15,16,29)  2.25242  2.26351  2.26979
 A48    A(17,16,29)  2.10150  2.10060  2.09960
 A49    A(13,17,16)  1.89007  1.89862  1.90884
 A50    A(13,17,19)  2.19456  2.19013  2.14221
 A51    A(16,17,19)  2.19835  2.19243  2.23214
 A52     A(1,19,17)  1.84344  1.83183  1.79057
 A53     A(1,19,18)  1.93217  1.93487  1.93231
 A54     A(1,19,20)  1.91565  1.92435  1.93163
 A55    A(17,19,18)  1.92652  1.93366  1.93231
 A56    A(17,19,20)  1.92309  1.92892  1.93163
 A57    A(18,19,20)  1.92167  1.90939  1.94043
 A58     A(3,30,31)  2.11232  2.11011  2.11209
 A59     A(3,30,32)  2.11467  2.12082  2.11871
 A60    A(31,30,32)  2.05619  2.05226  2.05238
 A61    A(30,31,33)  2.12482  2.12644  2.12628
 A62    A(30,31,36)  2.09011  2.08883  2.08970
 A63    A(33,31,36)  2.06816  2.06791  2.06718
 A64    A(30,32,34)  2.11402  2.11500  2.11514
 A65    A(30,32,37)  2.09525  2.09550  2.09566
 A66    A(34,32,37)  2.07381  2.07265  2.07237
 A67    A(31,33,35)  2.08738  2.08637  2.08668
 A68    A(31,33,38)  2.08041  2.08268  2.08240
 A69    A(35,33,38)  2.11537  2.11414  2.11410
 A70    A(32,34,35)  2.10075  2.10042  2.10039
 A71    A(32,34,39)  2.11476  2.11728  2.11704
 A72    A(35,34,39)  2.06765  2.06549  2.06575
 A73    A(33,35,34)  2.08320  2.08588  2.08549
 A74    A(33,35,50)  2.17446  2.17390  2.17376
 A75    A(34,35,50)  2.02553  2.02341  2.02393
 A76    A(15,40,41)  2.11087  2.10929  2.11205
 A77    A(15,40,42)  2.11601  2.12151  2.11875
 A78    A(41,40,42)  2.05630  2.05238  2.05238
 A79    A(40,41,43)  2.12490  2.12643  2.12629
 A80    A(40,41,46)  2.08923  2.08825  2.08970
 A81    A(43,41,46)  2.06894  2.06848  2.06717
 A82    A(40,42,44)  2.11380  2.11486  2.11513
 A83    A(40,42,47)  2.09544  2.09555  2.09566
 A84    A(44,42,47)  2.07384  2.07275  2.07238
 A85    A(41,43,45)  2.08719  2.08628  2.08668
 A86    A(41,43,48)  2.08047  2.08282  2.08240
 A87    A(45,43,48)  2.11550  2.11408  2.11411
 A88    A(42,44,45)  2.10088  2.10045  2.10040
 A89    A(42,44,49)  2.11479  2.11730  2.11704
 A90    A(45,44,49)  2.06750  2.06544  2.06574
 A91    A(43,45,44)  2.08329  2.08597  2.08549
 A92    A(43,45,55)  2.17453  2.17381  2.17376
 A93    A(44,45,55)  2.02536  2.02340  2.02393
 A94    A(35,50,51)  2.04789  2.05618  2.05498
 A95    A(50,51,52)  1.85231  1.84950  1.84981
 A96    A(50,51,53)  1.94056  1.93668  1.93718
 A97    A(50,51,54)  1.94058  1.93682  1.93701
 A98    A(52,51,53)  1.91073  1.91346  1.91321
 A99    A(52,51,54)  1.91098  1.91361  1.91346
A100    A(53,51,54)  1.90780  1.91281  1.91223
A101    A(45,55,56)  2.04781  2.05624  2.05498
A102    A(55,56,57)  1.85231  1.84945  1.84981
A103    A(55,56,58)  1.94064  1.93684  1.93701
A104    A(55,56,59)  1.94056  1.93663  1.93717
A105    A(57,56,58)  1.91091  1.91365  1.91346
A106    A(57,56,59)  1.91070  1.91346  1.91321
A107    A(58,56,59)  1.90783  1.91284  1.91223
  D1     D(5,1,2,3) -0.00010 -0.01219  0.00117
  D2    D(5,1,2,21) -3.11494 -3.12164 -3.12519
  D3    D(19,1,2,3)  2.99509  2.96156  3.14110
  D4   D(19,1,2,21) -0.11975 -0.14788  0.01474
  D5     D(2,1,5,4)  0.00829  0.02263 -0.00438
  D6    D(2,1,5,12) -3.13480 -3.09779 -3.03158
  D7    D(19,1,5,4) -2.98675 -2.94972  3.13877
  D8   D(19,1,5,12)  0.15334  0.21304  0.11157
  D9   D(2,1,19,17)  3.08448  2.95021  2.49640
 D10   D(2,1,19,18)  0.99897  0.86163  0.43414
 D11   D(2,1,19,20) -1.12596 -1.25547 -1.72563
 D12   D(5,1,19,17) -0.22837 -0.38709 -0.64706
 D13   D(5,1,19,18) -2.31388 -2.47567 -2.70931
 D14   D(5,1,19,20)  1.84438  1.69042  1.41410
 D15     D(1,2,3,4) -0.00815 -0.00282  0.00246
 D16    D(1,2,3,30) -3.13912 -3.13507 -3.13610
 D17    D(21,2,3,4)  3.10376  3.10275  3.12687
 D18   D(21,2,3,30) -0.02721 -0.02950 -0.01169
 D19     D(2,3,4,5)  0.01292  0.01670 -0.00512
 D20    D(2,3,4,22) -3.13957 -3.13863  3.04946
 D21    D(30,3,4,5) -3.13961 -3.13455  3.13335
 D22   D(30,3,4,22) -0.00892 -0.00669 -0.09526
 D23   D(2,3,30,31)  2.79665  3.05205  3.06091
 D24   D(2,3,30,32) -0.34560 -0.09142 -0.08320
 D25   D(4,3,30,31) -0.33193 -0.07810 -0.07697
 D26   D(4,3,30,32)  2.80901  3.06161  3.06210
 D27     D(3,4,5,1) -0.01334 -0.02408  0.00585
 D28    D(3,4,5,12)  3.12996  3.09302  3.01112
 D29    D(22,4,5,1)  3.13887  3.13095 -3.04955
 D30   D(22,4,5,12) -0.00101 -0.03514 -0.04428
 D31   D(1,5,12,11)  3.12504 -3.13856 -2.69615
 D32   D(1,5,12,13) -0.00313  0.06241  0.51886
 D33   D(4,5,12,11) -0.01845  0.03015  0.59517
 D34   D(4,5,12,13)  3.13657 -3.05206 -2.47301
 D35    D(11,6,7,8) -0.01306 -0.00231  0.01511
 D36   D(11,6,7,24)  3.12648  3.13122 -3.14009
 D37    D(23,6,7,8) -3.12767 -3.12197 -3.08717
 D38   D(23,6,7,24)  0.01186  0.01156  0.04081
 D39   D(7,6,11,10)  0.00919  0.00725 -0.05798
 D40   D(7,6,11,12) -3.13671  3.13860 -3.13374
 D41  D(23,6,11,10)  3.12399  3.12705  3.04367
 D42  D(23,6,11,12) -0.02191 -0.02478 -0.03210
 D43     D(6,7,8,9)  0.00477 -0.00324  0.03006
 D44    D(6,7,8,25) -3.13569  3.14116 -3.13892
 D45    D(24,7,8,9) -3.13475 -3.13673 -3.09780
 D46   D(24,7,8,25)  0.00798  0.00767  0.01641
 D47    D(7,8,9,10)  0.00739  0.00370 -0.03005
 D48    D(7,8,9,26) -3.13074 -3.12685  3.09781
 D49   D(25,8,9,10) -3.13534 -3.14070  3.13892
 D50   D(25,8,9,26)  0.00972  0.01194 -0.01640
 D51   D(8,9,10,11) -0.01121  0.00139 -0.01512
 D52   D(8,9,10,27) -3.12223 -3.10836  3.08719
 D53  D(26,9,10,11)  3.12693  3.13200  3.14007
 D54  D(26,9,10,27)  0.01592  0.02225 -0.04080
 D55   D(9,10,11,6)  0.00293 -0.00679  0.05798
 D56  D(9,10,11,12) -3.13434 -3.13805  3.13374
 D57  D(27,10,11,6)  3.11412  3.10306 -3.04369
 D58 D(27,10,11,12) -0.02315 -0.02820  0.03207
 D59   D(6,11,12,5)  2.24115  2.35018 -3.13621
 D60  D(6,11,12,13) -0.91387 -0.85178 -0.07495
 D61  D(10,11,12,5) -0.90479 -0.80195  0.07444
 D62 D(10,11,12,13)  2.22338  2.27927  3.13569
 D63  D(5,12,13,14)  3.02144  2.95065  2.47299
 D64  D(5,12,13,17) -0.02712 -0.08929 -0.51889
 D65 D(11,12,13,14) -0.10679 -0.13239 -0.59519
 D66 D(11,12,13,17)  3.12784  3.11085  2.69611
 D67 D(12,13,14,15) -3.06429 -3.04181 -3.01117
 D68 D(12,13,14,28)  0.03498  0.04471  0.04436
 D69 D(17,13,14,15) -0.00645  0.00837 -0.00588
 D70 D(17,13,14,28)  3.09282  3.09489  3.04965
 D71 D(12,13,17,16)  3.07198  3.05038  3.03161
 D72 D(12,13,17,19) -0.09054 -0.15637 -0.11151
 D73 D(14,13,17,16)  0.00414 -0.01097  0.00440
 D74 D(14,13,17,19)  3.12480  3.06546 -3.13872
 D75 D(13,14,15,16)  0.00613 -0.00294  0.00514
 D76 D(13,14,15,40) -3.13997  3.13518 -3.13329
 D77 D(28,14,15,16) -3.09197 -3.08779 -3.04957
 D78 D(28,14,15,40)  0.04511  0.05034  0.09519
 D79 D(14,15,16,17) -0.00374 -0.00393 -0.00247
 D80 D(14,15,16,29) -3.13701 -3.13201 -3.12694
 D81 D(40,15,16,17) -3.14095  3.14102  3.13605
 D82 D(40,15,16,29)  0.00897  0.01294  0.01158
 D83 D(14,15,40,41)  0.35204  0.09543  0.07640
 D84 D(14,15,40,42) -2.78788 -3.04470 -3.06272
 D85 D(16,15,40,41) -2.79493 -3.05028 -3.06144
 D86 D(16,15,40,42)  0.34834  0.09279  0.08263
 D87 D(15,16,17,13) -0.00025  0.00923 -0.00117
 D88 D(15,16,17,19) -3.12086 -3.06710 -3.14113
 D89 D(29,16,17,13)  3.13384  3.13877  3.12524
 D90 D(29,16,17,19)  0.01324  0.06244 -0.01472
 D91  D(13,17,19,1)  0.19706  0.35800  0.64702
 D92 D(13,17,19,18)  2.28629  2.44739  2.70927
 D93 D(13,17,19,20) -1.87074 -1.71644 -1.41414
 D94  D(16,17,19,1) -2.96908 -2.85950 -2.49640
 D95 D(16,17,19,18) -0.87985 -0.77011 -0.43415
 D96 D(16,17,19,20)  1.24631  1.34925  1.72563
 D97  D(3,30,31,33)  3.13941  3.14104  3.13580
 D98  D(3,30,31,36) -0.01772 -0.00601 -0.01304
 D99 D(32,30,31,33) -0.00155  0.00125 -0.00336
D100 D(32,30,31,36)  3.12450  3.13739  3.13098
D101  D(3,30,32,34)  3.13965 -3.14052 -3.13609
D102  D(3,30,32,37) -0.01773 -0.00714 -0.00163
D103 D(31,30,32,34) -0.00257 -0.00074  0.00307
D104 D(31,30,32,37)  3.12323  3.13264  3.13752
D105 D(30,31,33,35)  0.00417 -0.00079  0.00120
D106 D(30,31,33,38)  3.13808  3.13943  3.13974
D107 D(36,31,33,35) -3.12208 -3.13699 -3.13323
D108 D(36,31,33,38)  0.01183  0.00323  0.00531
D109 D(30,32,34,35)  0.00406 -0.00021 -0.00064
D110 D(30,32,34,39)  3.13807  3.13909  3.13890
D111 D(37,32,34,35) -3.12193 -3.13370 -3.13518
D112 D(37,32,34,39)  0.01208  0.00560  0.00435
D113 D(31,33,35,34) -0.00265 -0.00021  0.00134
D114 D(31,33,35,50)  3.13874 -3.14125 -3.14116
D115 D(38,33,35,34) -3.13640 -3.14040 -3.13714
D116 D(38,33,35,50)  0.00499  0.00174  0.00354
D117 D(32,34,35,33) -0.00139  0.00070 -0.00162
D118 D(32,34,35,50)  3.14039 -3.14139  3.14080
D119 D(39,34,35,33) -3.13560 -3.13867 -3.14121
D120 D(39,34,35,50)  0.00618  0.00242  0.00121
D121 D(33,35,50,51)  0.00133 -0.00094  0.00315
D122 D(34,35,50,51) -3.14046  3.14119 -3.13933
D123 D(15,40,41,43) -3.13721 -3.14008 -3.13585
D124 D(15,40,41,46)  0.02079  0.00982  0.01295
D125 D(42,40,41,43)  0.00277  0.00010  0.00335
D126 D(42,40,41,46) -3.12242 -3.13318 -3.13103
D127 D(15,40,42,44) -3.14145  3.13987  3.13614
D128 D(15,40,42,47)  0.01612  0.00649  0.00163
D129 D(41,40,42,44)  0.00176 -0.00030 -0.00305
D130 D(41,40,42,47) -3.12385 -3.13368 -3.13756
D131 D(40,41,43,45) -0.00492  0.00017 -0.00121
D132 D(40,41,43,48) -3.13789 -3.13891 -3.13976
D133 D(46,41,43,45)  3.12045  3.13354  3.13327
D134 D(46,41,43,48) -0.01251 -0.00553 -0.00529
D135 D(40,42,44,45) -0.00410  0.00023  0.00063
D136 D(40,42,44,49) -3.13804 -3.13916 -3.13892
D137 D(47,42,44,45)  3.12170  3.13371  3.13523
D138 D(47,42,44,49) -0.01224 -0.00568 -0.00432
D139 D(41,43,45,44)  0.00252 -0.00024 -0.00132
D140 D(41,43,45,55) -3.13835 -3.14132  3.14117
D141 D(48,43,45,44)  3.13530  3.13878  3.13717
D142 D(48,43,45,55) -0.00556 -0.00229 -0.00351
D143 D(42,44,45,43)  0.00191  0.00005  0.00161
D144 D(42,44,45,55) -3.14034  3.14117 -3.14081
D145 D(49,44,45,43)  3.13606  3.13951  3.14122
D146 D(49,44,45,55) -0.00620 -0.00256 -0.00120
D147 D(43,45,55,56)  0.00032 -0.00027 -0.00317
D148 D(44,45,55,56) -3.14057 -3.14136  3.13929
D149 D(35,50,51,52)  3.13949  3.14119  3.13935
D150 D(35,50,51,53) -1.06730 -1.06611 -1.06779
D151 D(35,50,51,54)  1.06278  1.06505  1.06310
D152 D(45,55,56,57) -3.13967 -3.14107 -3.13933
D153 D(45,55,56,58) -1.06301 -1.06490 -1.06307
D154 D(45,55,56,59)  1.06715  1.06628  1.06781
