From fa scan:
Fixed   = D(6,11,12,13), S, 54, 1.0000
Opposit = D(10,11,12,5)

          S0           S1  D_fixed  D_average
-1603.150752 -1603.074624 -48.8033  -47.37595
-1603.150701 -1603.074619 -47.8034  -46.70890
-1603.150635 -1603.074602 -46.8034  -46.04455
-1603.150554 -1603.074573 -45.8034  -45.37210
-1603.150462 -1603.074533 -44.8034  -44.74880
-1603.150353 -1603.074479 -43.8034  -44.12350
-1603.150227 -1603.074412 -42.8034  -43.50000
-1603.150084 -1603.074332 -41.8034  -42.88075
-1603.149922 -1603.074239 -40.8034  -42.26375
-1603.149743 -1603.074133 -39.8034  -41.64670
-1603.149545 -1603.074013 -38.8034  -41.03010
-1603.149330 -1603.073880 -37.8034  -40.41700
-1603.149098 -1603.073733 -36.8034  -39.80900
-1603.148847 -1603.073573 -35.8034  -39.20500
-1603.148580 -1603.073399 -34.8034  -38.60340
-1603.148295 -1603.073211 -33.8034  -38.00385
-1603.147991 -1603.073008 -32.8034  -37.40565
-1603.147669 -1603.072791 -31.8034  -36.80790
-1603.147330 -1603.072560 -30.8034  -36.21040
-1603.146973 -1603.072315 -29.8034  -35.61525
-1603.146598 -1603.072055 -28.8034  -35.02325
-1603.146205 -1603.071781 -27.8034  -34.43415
-1603.145795 -1603.071491 -26.8034  -33.84755
-1603.145367 -1603.071186 -25.8034  -33.26315
-1603.144921 -1603.070867 -24.8034  -32.68085
-1603.144457 -1603.070533 -23.8034  -32.09590
-1603.143975 -1603.070183 -22.8034  -31.51695
-1603.143475 -1603.069819 -21.8034  -30.93210
-1603.142956 -1603.069439 -20.8034  -30.34680
-1603.142417 -1603.069045 -19.8034  -29.75990
-1603.141857 -1603.068635 -18.8034  -29.16710
-1603.141277 -1603.068210 -17.8034  -28.56970
-1603.140675 -1603.067771 -16.8034  -27.96435
-1603.140040 -1603.067316 -15.8035  -27.33110
-1603.139395 -1603.066847 -14.8034  -26.70930
-1603.138721 -1603.066364 -13.8034  -26.06980
-1603.138022 -1603.065867 -12.8034  -25.40560
-1603.137271 -1603.065356 -11.8035  -24.69370
-1603.129678 -1603.068186 -10.8033   -5.74500
-1603.129642 -1603.068212  -9.8033   -4.84030
-1603.129604 -1603.068234  -8.8034   -3.93465
-1603.129580 -1603.068252  -7.8034   -3.03525
-1603.129568 -1603.068266  -6.8034   -2.15625
-1603.129558 -1603.068276  -5.8034   -1.28320
-1603.129564 -1603.068281  -4.8034   -0.42540
-1603.129578 -1603.068281  -3.8034    0.42350
-1603.129601 -1603.068277  -2.8034    1.26665
-1603.129633 -1603.068268  -1.8034    2.11035
-1603.129672 -1603.068255  -0.8034    2.96250
-1603.129718 -1603.068238   0.1966    3.82880
-1603.129771 -1603.068218   1.1966    4.70630
-1603.129831 -1603.068194   2.1966    5.57830
-1603.129898 -1603.068167   3.1966    6.44640
-1603.129975 -1603.068138   4.1966    7.32605
-1603.130067 -1603.068106   5.1966    8.22155

From fb scan:
Fixed   = D(6,11,12,13), S, 48, -1.000
Opposit = D(10,11,12,5)

          S0           S1  D_fixed  D_average
-1603.150822 -1603.074516 -52.2942  -49.88375
-1603.150821 -1603.074548 -51.2942  -49.18550
-1603.150805 -1603.074569 -50.2942  -48.49205
-1603.150774 -1603.074580 -49.2942  -47.80140
-1603.150729 -1603.074580 -48.2942  -47.11430
-1603.150669 -1603.074570 -47.2942  -46.43605
-1603.150596 -1603.074548 -46.2942  -45.77070
-1603.150508 -1603.074515 -45.2942  -45.11815
-1603.150405 -1603.074470 -44.2942  -44.47685
-1603.150286 -1603.074412 -43.2942  -43.84425
-1603.150151 -1603.074340 -42.2942  -43.21785
-1603.149999 -1603.074256 -41.2942  -42.59505
-1603.149828 -1603.074159 -40.2942  -41.97325
-1603.149640 -1603.074048 -39.2942  -41.35260
-1603.149435 -1603.073924 -38.2942  -40.73545
-1603.149212 -1603.073787 -37.2942  -40.12405
-1603.148972 -1603.073636 -36.2942  -39.51985
-1603.148714 -1603.073470 -35.2942  -38.92270
-1603.148438 -1603.073291 -34.2942  -38.33070
-1603.148144 -1603.073097 -33.2942  -37.74170
-1603.147833 -1603.072889 -32.2942  -37.15535
-1603.147504 -1603.072666 -31.2942  -36.57250
-1603.147153 -1603.072429 -30.2942  -35.98095
-1603.146788 -1603.072176 -29.2942  -35.39905
-1603.146402 -1603.071909 -28.2942  -34.81800
-1603.145999 -1603.071627 -27.2944  -34.23800
-1603.145578 -1603.071330 -26.2942  -33.65865
-1603.145139 -1603.071017 -25.2942  -33.07525
-1603.144680 -1603.070690 -24.2944  -32.49215
-1603.144203 -1603.070347 -23.2944  -31.90835
-1603.143709 -1603.069989 -22.2942  -31.32520
-1603.143192 -1603.069617 -21.2945  -30.74075
-1603.132434 -1603.067820 -20.2943  -17.83105
-1603.131123 -1603.067822 -19.2942  -15.09265
-1603.130640 -1603.067850 -18.2943  -13.57885
-1603.130317 -1603.067885 -17.2943  -12.27440
-1603.130096 -1603.067925 -16.2943  -11.11315
-1603.129928 -1603.067966 -15.2943  -10.03255
-1603.129807 -1603.068006 -14.2943   -9.00350
-1603.129721 -1603.068045 -13.2943   -8.03845
-1603.129651 -1603.068080 -12.2942   -7.10750
-1603.129599 -1603.068112 -11.2943   -6.18275
-1603.129549 -1603.068139 -10.2943   -5.25605
-1603.129507 -1603.068164  -9.2942   -4.33850
-1603.129483 -1603.068184  -8.2942   -3.44395
-1603.129474 -1603.068201  -7.2942   -2.56380
-1603.129470 -1603.068213  -6.2942   -1.70760
-1603.129482 -1603.068220  -5.2942   -0.86180
-1603.129493 -1603.068223  -4.2943   -0.01475