optS0 = -1603.15483332
tdS0  = -1603.06528909
optS1 = -1603.07443537
optR1 = -1603.06804901

Name     Definition  -optS0_Value  -optS1_Value  -optR1_Value
  R1         R(1,2)        1.3349        1.3340        1.3309
  R2         R(1,5)        1.3894        1.4109        1.4085
  R3        R(1,19)        1.5541        1.5427        1.5438
  R4         R(2,3)        1.4175        1.4222        1.4220
  R5        R(2,21)        1.0882        1.0876        1.0871
  R6         R(3,4)        1.3960        1.4139        1.4138
  R7        R(3,30)        1.4710        1.4499        1.4516
  R8         R(4,5)        1.4152        1.4023        1.4006
  R9        R(4,22)        1.0863        1.0844        1.0843
 R10        R(5,12)        1.4056        1.4223        1.4438
 R11         R(6,7)        1.3927        1.3925        1.3896
 R12        R(6,11)        1.4031        1.4066        1.4162
 R13        R(6,23)        1.0908        1.0912        1.0867
 R14         R(7,8)        1.3955        1.3960        1.3962
 R15        R(7,24)        1.0902        1.0907        1.0907
 R16         R(8,9)        1.3955        1.3956        1.3962
 R17        R(8,25)        1.0904        1.0904        1.0901
 R18        R(9,10)        1.3927        1.3929        1.3896
 R19        R(9,26)        1.0902        1.0907        1.0907
 R20       R(10,11)        1.4031        1.4062        1.4162
 R21       R(10,27)        1.0907        1.0907        1.0867
 R22       R(11,12)        1.4782        1.4727        1.4547
 R23       R(12,13)        1.4055        1.4229        1.4438
 R24       R(13,14)        1.4152        1.4019        1.4005
 R25       R(13,17)        1.3887        1.4092        1.4085
 R26       R(14,15)        1.3959        1.4137        1.4138
 R27       R(14,28)        1.0866        1.0851        1.0843
 R28       R(15,16)        1.4177        1.4229        1.4220
 R29       R(15,40)        1.4709        1.4497        1.4516
 R30       R(16,17)        1.3349        1.3337        1.3309
 R31       R(16,29)        1.0881        1.0875        1.0871
 R32       R(17,19)        1.5526        1.5410        1.5438
 R33       R(18,19)        1.3923        1.3957        1.3901
 R34       R(19,20)        1.3965        1.4031        1.3974
 R35       R(30,31)        1.3985        1.4074        1.4064
 R36       R(30,32)        1.4062        1.4146        1.4138
 R37       R(31,33)        1.3950        1.3893        1.3898
 R38       R(31,36)        1.0912        1.0902        1.0903
 R39       R(32,34)        1.3860        1.3800        1.3806
 R40       R(32,37)        1.0912        1.0902        1.0903
 R41       R(33,35)        1.3989        1.4032        1.4026
 R42       R(33,38)        1.0884        1.0882        1.0882
 R43       R(34,35)        1.4025        1.4077        1.4070
 R44       R(34,39)        1.0902        1.0899        1.0899
 R45       R(35,50)        1.3554        1.3460        1.3470
 R46       R(40,41)        1.3985        1.4074        1.4064
 R47       R(40,42)        1.4062        1.4147        1.4138
 R48       R(41,43)        1.3951        1.3892        1.3898
 R49       R(41,46)        1.0913        1.0903        1.0903
 R50       R(42,44)        1.3860        1.3800        1.3806
 R51       R(42,47)        1.0912        1.0902        1.0903
 R52       R(43,45)        1.3989        1.4032        1.4026
 R53       R(43,48)        1.0884        1.0882        1.0882
 R54       R(44,45)        1.4026        1.4077        1.4070
 R55       R(44,49)        1.0902        1.0899        1.0899
 R56       R(45,55)        1.3555        1.3460        1.3470
 R57       R(50,51)        1.4170        1.4203        1.4200
 R58       R(51,52)        1.0947        1.0942        1.0942
 R59       R(51,53)        1.1012        1.1005        1.1005
 R60       R(51,54)        1.1012        1.1005        1.1005
 R61       R(55,56)        1.4170        1.4203        1.4200
 R62       R(56,57)        1.0947        1.0941        1.0942
 R63       R(56,58)        1.1012        1.1005        1.1005
 R64       R(56,59)        1.1013        1.1005        1.1005
  A1       A(2,1,5)      108.2556      108.7594      109.3685
  A2      A(2,1,19)      125.5392      124.8948      127.8884
  A3      A(5,1,19)      125.6195      125.5720      122.7430
  A4       A(1,2,3)      110.5763      109.9949      109.6454
  A5      A(1,2,21)      120.4103      120.3387      120.2949
  A6      A(3,2,21)      128.9920      129.6349      130.0526
  A7       A(2,3,4)      105.7197      105.9627      105.9227
  A8      A(2,3,30)      126.0343      125.7579      125.8769
  A9      A(4,3,30)      128.2428      128.2769      128.2002
 A10       A(3,4,5)      107.5920      107.7052      107.9481
 A11      A(3,4,22)      127.2011      127.0351      126.2988
 A12      A(5,4,22)      125.2037      125.2547      125.5484
 A13       A(1,5,4)      107.8504      107.5592      107.1142
 A14      A(1,5,12)      120.8604      120.5434      119.4581
 A15      A(4,5,12)      131.2892      131.8832      132.9986
 A16      A(7,6,11)      120.1406      120.7963      121.4564
 A17      A(7,6,23)      120.2605      119.9220      118.4286
 A18     A(11,6,23)      119.5810      119.2698      120.0766
 A19       A(6,7,8)      120.1533      120.2876      120.7315
 A20      A(6,7,24)      119.6515      119.5909      119.1593
 A21      A(8,7,24)      120.1951      120.1199      120.1045
 A22       A(7,8,9)      119.9588      119.5146      118.8162
 A23      A(7,8,25)      120.0182      120.2471      120.5825
 A24      A(9,8,25)      120.0230      120.2381      120.5824
 A25      A(8,9,10)      120.1676      120.3393      120.7319
 A26      A(8,9,26)      120.1874      120.1062      120.1044
 A27     A(10,9,26)      119.6448      119.5515      119.1592
 A28     A(9,10,11)      120.1283      120.7421      121.4560
 A29     A(9,10,27)      120.2135      119.7629      118.4281
 A30    A(11,10,27)      119.6352      119.4700      120.0775
 A31     A(6,11,10)      119.4456      118.3184      116.6990
 A32     A(6,11,12)      120.1014      120.3837      121.5933
 A33    A(10,11,12)      120.4525      121.2952      121.5971
 A34     A(5,12,11)      120.3177      121.4432      123.1301
 A35     A(5,12,13)      119.8572      118.3866      113.6034
 A36    A(11,12,13)      119.8207      120.0826      123.1249
 A37    A(12,13,14)      130.9775      131.1684      132.9955
 A38    A(12,13,17)      120.9971      120.9879      119.4609
 A39    A(14,13,17)      107.8565      107.6428      107.1147
 A40    A(13,14,15)      107.5801      107.6653      107.9483
 A41    A(13,14,28)      125.1206      124.9528      125.5467
 A42    A(15,14,28)      127.2488      127.2963      126.3009
 A43    A(14,15,16)      105.7311      105.9543      105.9223
 A44    A(14,15,40)      128.1456      128.2808      128.1980
 A45    A(16,15,40)      126.1228      125.7645      125.8795
 A46    A(15,16,17)      110.5375      109.9501      109.6452
 A47    A(15,16,29)      129.0548      129.6932      130.0527
 A48    A(17,16,29)      120.4060      120.3523      120.2951
 A49    A(13,17,16)      108.2934      108.7839      109.3685
 A50    A(13,17,19)      125.7390      125.4873      122.7406
 A51    A(16,17,19)      125.9554      125.6136      127.8908
 A52     A(1,19,17)      105.6159      104.9486      102.5830
 A53     A(1,19,18)      110.7037      110.8581      110.7092
 A54     A(1,19,20)      109.7567      110.2575      110.6760
 A55    A(17,19,18)      110.3806      110.7882      110.7091
 A56    A(17,19,20)      110.1831      110.5199      110.6760
 A57    A(18,19,20)      110.1147      109.4088      111.1896
 A58     A(3,30,31)      121.0277      120.9017      121.0158
 A59     A(3,30,32)      121.1614      121.5134      121.3925
 A60    A(31,30,32)      117.8108      117.5849      117.5915
 A61    A(30,31,33)      121.7432      121.8362      121.8271
 A62    A(30,31,36)      119.7521      119.6791      119.7294
 A63    A(33,31,36)      118.4989      118.4840      118.4422
 A64    A(30,32,34)      121.1247      121.1815      121.1896
 A65    A(30,32,37)      120.0469      120.0609      120.0697
 A66    A(34,32,37)      118.8224      118.7560      118.7394
 A67    A(31,33,35)      119.5982      119.5406      119.5584
 A68    A(31,33,38)      119.1989      119.3287      119.3129
 A69    A(35,33,38)      121.2014      121.1306      121.1285
 A70    A(32,34,35)      120.3634      120.3448      120.3431
 A71    A(32,34,39)      121.1691      121.3129      121.2994
 A72    A(35,34,39)      118.4662      118.3422      118.3574
 A73    A(33,35,34)      119.3591      119.5120      119.4899
 A74    A(33,35,50)      124.5875      124.5557      124.5478
 A75    A(34,35,50)      116.0534      115.9323      115.9624
 A76    A(15,40,41)      120.9448      120.8551      121.0135
 A77    A(15,40,42)      121.2380      121.5533      121.3948
 A78    A(41,40,42)      117.8171      117.5915      117.5915
 A79    A(40,41,43)      121.7479      121.8359      121.8277
 A80    A(40,41,46)      119.7022      119.6459      119.7293
 A81    A(43,41,46)      118.5434      118.5166      118.4418
 A82    A(40,42,44)      121.1122      121.1735      121.1891
 A83    A(40,42,47)      120.0579      120.0637      120.0699
 A84    A(44,42,47)      118.8237      118.7612      118.7397
 A85    A(41,43,45)      119.5869      119.5351      119.5579
 A86    A(41,43,48)      119.2027      119.3371      119.3127
 A87    A(45,43,48)      121.2085      121.1277      121.1291
 A88    A(42,44,45)      120.3709      120.3464      120.3435
 A89    A(42,44,49)      121.1706      121.3142      121.2995
 A90    A(45,44,49)      118.4572      118.3393      118.3569
 A91    A(43,45,44)      119.3642      119.5176      119.4899
 A92    A(43,45,55)      124.5921      124.5507      124.5482
 A93    A(44,45,55)      116.0437      115.9316      115.9619
 A94    A(35,50,51)      117.3352      117.8099      117.7409
 A95    A(50,51,52)      106.1301      105.9692      105.9872
 A96    A(50,51,53)      111.1871      110.9650      110.9937
 A97    A(50,51,54)      111.1886      110.9734      110.9843
 A98    A(52,51,53)      109.4755      109.6322      109.6175
 A99    A(52,51,54)      109.4903      109.6405      109.6319
A100    A(53,51,54)      109.3077      109.5941      109.5608
A101    A(45,55,56)      117.3308      117.8132      117.7408
A102    A(55,56,57)      106.1300      105.9663      105.9871
A103    A(55,56,58)      111.1920      110.9743      110.9840
A104    A(55,56,59)      111.1871      110.9622      110.9936
A105    A(57,56,58)      109.4862      109.6431      109.6321
A106    A(57,56,59)      109.4742      109.6320      109.6177
A107    A(58,56,59)      109.3094      109.5963      109.5609
  D1     D(5,1,2,3)       -0.0058       -0.7012        0.0647
  D2    D(5,1,2,21)     -178.4706     -178.8521     -179.0600
  D3    D(19,1,2,3)      171.5998      169.6747      179.9814
  D4   D(19,1,2,21)       -6.8650       -8.4763        0.8567
  D5     D(2,1,5,4)        0.4753        1.2992       -0.2492
  D6    D(2,1,5,12)     -179.6050     -177.4858     -173.6834
  D7    D(19,1,5,4)     -171.1218     -168.9952      179.8290
  D8   D(19,1,5,12)        8.7979       12.2198        6.3948
  D9   D(2,1,19,17)      176.7117      169.0283      143.0097
 D10   D(2,1,19,18)       57.2263       49.3692       24.8623
 D11   D(2,1,19,20)      -64.5350      -71.9416      -98.8965
 D12   D(5,1,19,17)      -13.1080      -22.1944      -37.0838
 D13   D(5,1,19,18)     -132.5934     -141.8535     -155.2312
 D14   D(5,1,19,20)      105.6453       96.8357       81.0100
 D15     D(1,2,3,4)       -0.4672       -0.1602        0.1425
 D16    D(1,2,3,30)     -179.8585     -179.6208     -179.6811
 D17    D(21,2,3,4)      177.8294      177.7676      179.1551
 D18   D(21,2,3,30)       -1.5620       -1.6931       -0.6685
 D19     D(2,3,4,5)        0.7402        0.9575       -0.2934
 D20    D(2,3,4,22)     -179.8871     -179.8281      174.7188
 D21    D(30,3,4,5)     -179.8865     -179.6001      179.5247
 D22   D(30,3,4,22)       -0.5138       -0.3857       -5.4631
 D23   D(2,3,30,31)      160.1941      174.8387      175.3698
 D24   D(2,3,30,32)      -19.8432       -5.2679       -4.7750
 D25   D(4,3,30,31)      -19.0599       -4.5007       -4.4143
 D26   D(4,3,30,32)      160.9028      175.3927      175.4409
 D27     D(3,4,5,1)       -0.7645       -1.3815        0.3340
 D28    D(3,4,5,12)      179.3272      177.2129      172.5101
 D29    D(22,4,5,1)      179.8470      179.3864     -174.7254
 D30   D(22,4,5,12)       -0.0613       -2.0192       -2.5493
 D31   D(1,5,12,11)      179.0522     -179.8280     -154.4698
 D32   D(1,5,12,13)       -0.1765        3.5745       29.7366
 D33   D(4,5,12,11)       -1.0495        1.7279       34.1234
 D34   D(4,5,12,13)      179.7218     -174.8695     -141.6702
 D35    D(11,6,7,8)       -0.7477       -0.1336        0.8668
 D36   D(11,6,7,24)      179.1338      179.4034     -179.9153
 D37    D(23,6,7,8)     -179.2035     -178.8731     -176.8784
 D38   D(23,6,7,24)        0.6781        0.6639        2.3394
 D39   D(7,6,11,10)        0.5264        0.4164       -3.3247
 D40   D(7,6,11,12)     -179.7204      179.8292     -179.5576
 D41  D(23,6,11,10)      178.9926      179.1640      174.3839
 D42  D(23,6,11,12)       -1.2542       -1.4231       -1.8489
 D43     D(6,7,8,9)        0.2729       -0.1853        1.7234
 D44    D(6,7,8,25)     -179.6619      179.9754     -179.8482
 D45    D(24,7,8,9)     -179.6080     -179.7199     -177.4870
 D46   D(24,7,8,25)        0.4572        0.4409        0.9414
 D47    D(7,8,9,10)        0.4230        0.2126       -1.7233
 D48    D(7,8,9,26)     -179.3778     -179.1534      177.4877
 D49   D(25,8,9,10)     -179.6422     -179.9481      179.8483
 D50   D(25,8,9,26)        0.5570        0.6859       -0.9407
 D51   D(8,9,10,11)       -0.6418        0.0788       -0.8671
 D52   D(8,9,10,27)     -178.8912     -178.0927      176.8796
 D53  D(26,9,10,11)      179.1600      179.4483      179.9145
 D54  D(26,9,10,27)        0.9107        1.2768       -2.3387
 D55   D(9,10,11,6)        0.1674       -0.3889        3.3248
 D56  D(9,10,11,12)     -179.5849     -179.7961      179.5575
 D57  D(27,10,11,6)      178.4269      177.7879     -174.3853
 D58 D(27,10,11,12)       -1.3254       -1.6194        1.8474
 D59   D(6,11,12,5)      128.3949      134.6669     -179.6886
 D60  D(6,11,12,13)      -52.3760      -48.7926       -4.2919
 D61  D(10,11,12,5)      -51.8544      -45.9380        4.2629
 D62 D(10,11,12,13)      127.3746      130.6025      179.6596
 D63  D(5,12,13,14)      173.1096      169.0480      141.6691
 D64  D(5,12,13,17)       -1.5545       -5.1197      -29.7386
 D65 D(11,12,13,14)       -6.1230       -7.5973      -34.1248
 D66 D(11,12,13,17)      179.2129      178.2351      154.4675
 D67 D(12,13,14,15)     -175.5647     -174.2757     -172.5128
 D68 D(12,13,14,28)        2.0052        2.5632        2.5542
 D69 D(17,13,14,15)       -0.3688        0.4793       -0.3357
 D70 D(17,13,14,28)      177.2011      177.3183      174.7313
 D71 D(12,13,17,16)      176.0064      174.7669      173.6849
 D72 D(12,13,17,19)       -5.2038       -8.9620       -6.3915
 D73 D(14,13,17,16)        0.2364       -0.6289        0.2504
 D74 D(14,13,17,19)      179.0262      175.6422     -179.8261
 D75 D(13,14,15,16)        0.3504       -0.1675        0.2948
 D76 D(13,14,15,40)     -179.9086      179.6330     -179.5211
 D77 D(28,14,15,16)     -177.1525     -176.9105     -174.7248
 D78 D(28,14,15,40)        2.5885        2.8900        5.4593
 D79 D(14,15,16,17)       -0.2139       -0.2261       -0.1432
 D80 D(14,15,16,29)     -179.7345     -179.4512     -179.1593
 D81 D(40,15,16,17)     -179.9618      179.9669      179.6782
 D82 D(40,15,16,29)        0.5177        0.7418        0.6621
 D83 D(14,15,40,41)       20.2050        5.4642        4.3816
 D84 D(14,15,40,42)     -159.6990     -174.4519     -175.4760
 D85 D(16,15,40,41)     -160.1036     -174.7721     -175.3999
 D86 D(16,15,40,42)       19.9923        5.3117        4.7425
 D87 D(15,16,17,13)       -0.0144        0.5296       -0.0650
 D88 D(15,16,17,19)     -178.8008     -175.7355     -179.9835
 D89 D(29,16,17,13)      179.5539      179.8387      179.0628
 D90 D(29,16,17,19)        0.7674        3.5735       -0.8557
 D91  D(13,17,19,1)       11.3160       20.5219       37.0815
 D92 D(13,17,19,18)      131.0146      140.2275      155.2289
 D93 D(13,17,19,20)     -107.1532      -98.3319      -81.0123
 D94  D(16,17,19,1)     -170.1036     -163.8218     -143.0099
 D95 D(16,17,19,18)      -50.4050      -44.1161      -24.8625
 D96 D(16,17,19,20)       71.4272       77.3245       98.8963
 D97  D(3,30,31,33)      179.8737      179.9691      179.6677
 D98  D(3,30,31,36)       -1.0194       -0.3472       -0.7486
 D99 D(32,30,31,33)       -0.0901        0.0716       -0.1928
D100 D(32,30,31,36)      179.0167      179.7553      179.3909
D101  D(3,30,32,34)      179.8893     -179.9391     -179.6840
D102  D(3,30,32,37)       -1.0171       -0.4112       -0.0938
D103 D(31,30,32,34)       -0.1469       -0.0422        0.1760
D104 D(31,30,32,37)      178.9467      179.4857      179.7661
D105 D(30,31,33,35)        0.2394       -0.0453        0.0689
D106 D(30,31,33,38)      179.7974      179.8745      179.8940
D107 D(36,31,33,35)     -178.8783     -179.7327     -179.5200
D108 D(36,31,33,38)        0.6798        0.1871        0.3051
D109 D(30,32,34,35)        0.2328       -0.0125       -0.0366
D110 D(30,32,34,39)      179.7979      179.8563      179.8451
D111 D(37,32,34,35)     -178.8717     -179.5464     -179.6321
D112 D(37,32,34,39)        0.6935        0.3224        0.2496
D113 D(31,33,35,34)       -0.1517       -0.0117        0.0769
D114 D(31,33,35,50)      179.8363     -179.9804     -179.9750
D115 D(38,33,35,34)     -179.7007     -179.9300     -179.7450
D116 D(38,33,35,50)        0.2874        0.1013        0.2032
D117 D(32,34,35,33)       -0.0801        0.0402       -0.0928
D118 D(32,34,35,50)      179.9309     -179.9884      179.9547
D119 D(39,34,35,33)     -179.6568     -179.8325     -179.9780
D120 D(39,34,35,50)        0.3541        0.1389        0.0695
D121 D(33,35,50,51)        0.0763       -0.0556        0.1801
D122 D(34,35,50,51)     -179.9352      179.9747     -179.8701
D123 D(15,40,41,43)     -179.7477     -179.9132     -179.6706
D124 D(15,40,41,46)        1.1937        0.5627        0.7429
D125 D(42,40,41,43)        0.1595        0.0062        0.1923
D126 D(42,40,41,46)     -178.8991     -179.5179     -179.3942
D127 D(15,40,42,44)     -179.9925      179.9015      179.6872
D128 D(15,40,42,47)        0.9247        0.3721        0.0939
D129 D(41,40,42,44)        0.1005       -0.0173       -0.1751
D130 D(41,40,42,47)     -178.9823     -179.5467     -179.7684
D131 D(40,41,43,45)       -0.2825        0.0092       -0.0693
D132 D(40,41,43,48)     -179.7872     -179.8464     -179.8952
D133 D(46,41,43,45)      178.7867      179.5385      179.5223
D134 D(46,41,43,48)       -0.7181       -0.3171       -0.3036
D135 D(40,42,44,45)       -0.2351        0.0128        0.0364
D136 D(40,42,44,49)     -179.7962     -179.8610     -179.8466
D137 D(47,42,44,45)      178.8587      179.5483      179.6349
D138 D(47,42,44,49)       -0.7023       -0.3255       -0.2481
D139 D(41,43,45,44)        0.1440       -0.0139       -0.0759
D140 D(41,43,45,55)     -179.8143     -179.9841      179.9758
D141 D(48,43,45,44)      179.6385      179.8391      179.7468
D142 D(48,43,45,55)       -0.3198       -0.1312       -0.2016
D143 D(42,44,45,43)        0.1101        0.0030        0.0921
D144 D(42,44,45,55)     -179.9281      179.9758     -179.9552
D145 D(49,44,45,43)      179.6829      179.8805      179.9785
D146 D(49,44,45,55)       -0.3553       -0.1467       -0.0688
D147 D(43,45,55,56)        0.0190       -0.0161       -0.1817
D148 D(44,45,55,56)     -179.9406     -179.9873      179.8683
D149 D(35,50,51,52)      179.8796      179.9786      179.8717
D150 D(35,50,51,53)      -61.1521      -61.0816      -61.1800
D151 D(35,50,51,54)       60.8926       61.0245       60.9111
D152 D(45,55,56,57)     -179.8901     -179.9704     -179.8703
D153 D(45,55,56,58)      -60.9061      -61.0143      -60.9098
D154 D(45,55,56,59)       61.1431       61.0933       61.1812
