optS0 = -1603.15474293
tdS0 = -1603.06452864
optS1 = -1603.07430552
optR1 = -1603.06792979

Name     Definition    optS0    optS1    optR1
  R1         R(1,2)  2.52261  2.52086  2.51499
  R2         R(1,5)  2.62563  2.66622  2.66165
  R3        R(1,19)  2.93683  2.91525  2.91746
  R4         R(2,3)  2.67876  2.68743  2.68709
  R5        R(2,21)  2.05642  2.05530  2.05429
  R6         R(3,4)  2.63795  2.67183  2.67165
  R7        R(3,30)  2.77982  2.73987  2.74315
  R8         R(4,5)  2.67432  2.64997  2.64661
  R9        R(4,22)  2.05286  2.04930  2.04899
 R10        R(5,12)  2.65619  2.68777  2.72834
 R11         R(6,7)  2.63179  2.63139  2.62601
 R12        R(6,11)  2.65151  2.65809  2.67617
 R13        R(6,23)  2.06134  2.06208  2.05360
 R14         R(7,8)  2.63704  2.63804  2.63842
 R15        R(7,24)  2.06017  2.06106  2.06105
 R16         R(8,9)  2.63710  2.63725  2.63842
 R17        R(8,25)  2.06059  2.06061  2.05993
 R18        R(9,10)  2.63177  2.63225  2.62602
 R19        R(9,26)  2.06014  2.06108  2.06104
 R20       R(10,11)  2.65137  2.65741  2.67617
 R21       R(10,27)  2.06121  2.06115  2.05359
 R22       R(11,12)  2.79340  2.78303  2.74877
 R23       R(12,13)  2.65607  2.68891  2.72835
 R24       R(13,14)  2.67438  2.64911  2.64660
 R25       R(13,17)  2.62421  2.66296  2.66164
 R26       R(14,15)  2.63780  2.67155  2.67166
 R27       R(14,28)  2.05331  2.05049  2.04899
 R28       R(15,16)  2.67904  2.68891  2.68711
 R29       R(15,40)  2.77965  2.73959  2.74314
 R30       R(16,17)  2.52261  2.52033  2.51499
 R31       R(16,29)  2.05630  2.05514  2.05429
 R32       R(17,19)  2.93413  2.91218  2.91746
 R33       R(18,19)  2.63101  2.63741  2.62679
 R34       R(19,20)  2.63898  2.65128  2.64065
 R35       R(30,31)  2.64284  2.65959  2.65767
 R36       R(30,32)  2.65730  2.67326  2.67165
 R37       R(31,33)  2.63612  2.62536  2.62641
 R38       R(31,36)  2.06212  2.06021  2.06037
 R39       R(32,34)  2.61922  2.60782  2.60898
 R40       R(32,37)  2.06214  2.06021  2.06033
 R41       R(33,35)  2.64361  2.65162  2.65060
 R42       R(33,38)  2.05686  2.05640  2.05637
 R43       R(34,35)  2.65035  2.66015  2.65880
 R44       R(34,39)  2.06025  2.05960  2.05966
 R45       R(35,50)  2.56142  2.54362  2.54543
 R46       R(40,41)  2.64283  2.65969  2.65767
 R47       R(40,42)  2.65740  2.67333  2.67166
 R48       R(41,43)  2.63627  2.62530  2.62640
 R49       R(41,46)  2.06224  2.06028  2.06036
 R50       R(42,44)  2.61910  2.60781  2.60898
 R51       R(42,47)  2.06213  2.06016  2.06033
 R52       R(43,45)  2.64348  2.65168  2.65060
 R53       R(43,48)  2.05685  2.05638  2.05638
 R54       R(44,45)  2.65053  2.66021  2.65880
 R55       R(44,49)  2.06027  2.05960  2.05966
 R56       R(45,55)  2.56147  2.54357  2.54542
 R57       R(50,51)  2.67775  2.68383  2.68325
 R58       R(51,52)  2.06867  2.06766  2.06775
 R59       R(51,53)  2.08107  2.07961  2.07966
 R60       R(51,54)  2.08107  2.07961  2.07974
 R61       R(55,56)  2.67768  2.68391  2.68325
 R62       R(56,57)  2.06866  2.06765  2.06775
 R63       R(56,58)  2.08104  2.07961  2.07973
 R64       R(56,59)  2.08112  2.07961  2.07966
  A1       A(2,1,5)  1.88942  1.89822  1.90884
  A2      A(2,1,19)  2.19106  2.17977  2.23206
  A3      A(5,1,19)  2.19247  2.19167  2.14228
  A4       A(1,2,3)  1.92992  1.91977  1.91367
  A5      A(1,2,21)  2.10154  2.10027  2.09951
  A6      A(3,2,21)  2.25134  2.26260  2.26988
  A7       A(2,3,4)  1.84515  1.84940  1.84870
  A8      A(2,3,30)  2.19970  2.19492  2.19699
  A9      A(4,3,30)  2.23827  2.23883  2.23750
 A10       A(3,4,5)  1.87783  1.87980  1.88403
 A11      A(3,4,22)  2.22008  2.21719  2.20436
 A12      A(5,4,22)  2.18522  2.18611  2.19122
 A13       A(1,5,4)  1.88235  1.87726  1.86952
 A14      A(1,5,12)  2.10940  2.10388  2.08494
 A15      A(4,5,12)  2.29144  2.30179  2.32122
 A16      A(7,6,11)  2.09686  2.10830  2.11980
 A17      A(7,6,23)  2.09896  2.09305  2.06702
 A18     A(11,6,23)  2.08706  2.08162  2.09569
 A19       A(6,7,8)  2.09707  2.09942  2.10716
 A20      A(6,7,24)  2.08832  2.08725  2.07973
 A21      A(8,7,24)  2.09780  2.09648  2.09621
 A22       A(7,8,9)  2.09367  2.08591  2.07374
 A23      A(7,8,25)  2.09472  2.09871  2.10456
 A24      A(9,8,25)  2.09480  2.09855  2.10455
 A25      A(8,9,10)  2.09732  2.10032  2.10717
 A26      A(8,9,26)  2.09766  2.09624  2.09621
 A27     A(10,9,26)  2.08820  2.08657  2.07973
 A28     A(9,10,11)  2.09664  2.10735  2.11980
 A29     A(9,10,27)  2.09814  2.09028  2.06701
 A30    A(11,10,27)  2.08800  2.08512  2.09571
 A31     A(6,11,10)  2.08471  2.06503  2.03679
 A32     A(6,11,12)  2.09616  2.10109  2.12220
 A33    A(10,11,12)  2.10230  2.11701  2.12227
 A34     A(5,12,11)  2.09993  2.11961  2.14906
 A35     A(5,12,13)  2.09193  2.06620  1.98269
 A36    A(11,12,13)  2.09124  2.09584  2.14897
 A37    A(12,13,14)  2.28599  2.28930  2.32117
 A38    A(12,13,17)  2.11179  2.11165  2.08499
 A39    A(14,13,17)  1.88245  1.87873  1.86953
 A40    A(13,14,15)  1.87762  1.87910  1.88403
 A41    A(13,14,28)  2.18377  2.18083  2.19119
 A42    A(15,14,28)  2.22091  2.22175  2.20440
 A43    A(14,15,16)  1.84535  1.84925  1.84869
 A44    A(14,15,40)  2.23658  2.23890  2.23746
 A45    A(16,15,40)  2.20125  2.19503  2.19703
 A46    A(15,16,17)  1.92925  1.91899  1.91367
 A47    A(15,16,29)  2.25244  2.26362  2.26988
 A48    A(17,16,29)  2.10146  2.10051  2.09951
 A49    A(13,17,16)  1.89008  1.89865  1.90884
 A50    A(13,17,19)  2.19456  2.19020  2.14224
 A51    A(16,17,19)  2.19833  2.19233  2.23210
 A52     A(1,19,17)  1.84328  1.83161  1.79030
 A53     A(1,19,18)  1.93213  1.93482  1.93219
 A54     A(1,19,20)  1.91559  1.92437  1.93169
 A55    A(17,19,18)  1.92649  1.93359  1.93219
 A56    A(17,19,20)  1.92304  1.92895  1.93168
 A57    A(18,19,20)  1.92200  1.90965  1.94076
 A58     A(3,30,31)  2.11234  2.11015  2.11215
 A59     A(3,30,32)  2.11466  2.12080  2.11869
 A60    A(31,30,32)  2.05619  2.05223  2.05234
 A61    A(30,31,33)  2.12482  2.12645  2.12629
 A62    A(30,31,36)  2.09004  2.08877  2.08965
 A63    A(33,31,36)  2.06822  2.06796  2.06722
 A64    A(30,32,34)  2.11403  2.11503  2.11517
 A65    A(30,32,37)  2.09519  2.09543  2.09558
 A66    A(34,32,37)  2.07386  2.07270  2.07241
 A67    A(31,33,35)  2.08738  2.08638  2.08669
 A68    A(31,33,38)  2.08042  2.08268  2.08240
 A69    A(35,33,38)  2.11536  2.11412  2.11409
 A70    A(32,34,35)  2.10073  2.10041  2.10038
 A71    A(32,34,39)  2.11483  2.11733  2.11710
 A72    A(35,34,39)  2.06760  2.06544  2.06571
 A73    A(33,35,34)  2.08321  2.08588  2.08549
 A74    A(33,35,50)  2.17447  2.17391  2.17378
 A75    A(34,35,50)  2.02550  2.02339  2.02392
 A76    A(15,40,41)  2.11090  2.10934  2.11211
 A77    A(15,40,42)  2.11600  2.12150  2.11873
 A78    A(41,40,42)  2.05629  2.05234  2.05234
 A79    A(40,41,43)  2.12490  2.12644  2.12630
 A80    A(40,41,46)  2.08917  2.08819  2.08965
 A81    A(43,41,46)  2.06900  2.06852  2.06722
 A82    A(40,42,44)  2.11381  2.11489  2.11516
 A83    A(40,42,47)  2.09538  2.09548  2.09559
 A84    A(44,42,47)  2.07388  2.07279  2.07241
 A85    A(41,43,45)  2.08718  2.08628  2.08668
 A86    A(41,43,48)  2.08049  2.08283  2.08240
 A87    A(45,43,48)  2.11548  2.11407  2.11410
 A88    A(42,44,45)  2.10086  2.10044  2.10039
 A89    A(42,44,49)  2.11485  2.11736  2.11710
 A90    A(45,44,49)  2.06745  2.06539  2.06570
 A91    A(43,45,44)  2.08330  2.08598  2.08549
 A92    A(43,45,55)  2.17455  2.17383  2.17378
 A93    A(44,45,55)  2.02533  2.02338  2.02391
 A94    A(35,50,51)  2.04788  2.05616  2.05496
 A95    A(50,51,52)  1.85233  1.84952  1.84984
 A96    A(50,51,53)  1.94060  1.93672  1.93723
 A97    A(50,51,54)  1.94062  1.93687  1.93706
 A98    A(52,51,53)  1.91070  1.91343  1.91317
 A99    A(52,51,54)  1.91095  1.91357  1.91342
A100    A(53,51,54)  1.90776  1.91276  1.91218
A101    A(45,55,56)  2.04781  2.05622  2.05496
A102    A(55,56,57)  1.85232  1.84947  1.84984
A103    A(55,56,58)  1.94068  1.93688  1.93706
A104    A(55,56,59)  1.94060  1.93667  1.93722
A105    A(57,56,58)  1.91088  1.91362  1.91343
A106    A(57,56,59)  1.91067  1.91343  1.91317
A107    A(58,56,59)  1.90779  1.91280  1.91218
  D1     D(5,1,2,3) -0.00010 -0.01226  0.00110
  D2    D(5,1,2,21) -3.11487 -3.12151 -3.12518
  D3    D(19,1,2,3)  2.99490  2.96126  3.14138
  D4   D(19,1,2,21) -0.11987 -0.14798  0.01510
  D5     D(2,1,5,4)  0.00830  0.02271 -0.00433
  D6    D(2,1,5,12) -3.13462 -3.09766 -3.03118
  D7    D(19,1,5,4) -2.98655 -2.94939  3.13850
  D8   D(19,1,5,12)  0.15371  0.21343  0.11164
  D9   D(2,1,19,17)  3.08399  2.95004  2.49571
 D10   D(2,1,19,18)  0.99864  0.86168  0.43378
 D11   D(2,1,19,20) -1.12663 -1.25571 -1.72637
 D12   D(5,1,19,17) -0.22908 -0.38754 -0.64736
 D13   D(5,1,19,18) -2.31444 -2.47590 -2.70928
 D14   D(5,1,19,20)  1.84347  1.68989  1.41375
 D15     D(1,2,3,4) -0.00816 -0.00278  0.00250
 D16    D(1,2,3,30) -3.13913 -3.13491 -3.13598
 D17    D(21,2,3,4)  3.10367  3.10255  3.12683
 D18   D(21,2,3,30) -0.02730 -0.02958 -0.01165
 D19     D(2,3,4,5)  0.01292  0.01672 -0.00512
 D20    D(2,3,4,22) -3.13966 -3.13856  3.04939
 D21    D(30,3,4,5) -3.13961 -3.13466  3.13326
 D22   D(30,3,4,22) -0.00900 -0.00675 -0.09541
 D23   D(2,3,30,31)  2.79541  3.05120  3.06067
 D24   D(2,3,30,32) -0.34684 -0.09224 -0.08346
 D25   D(4,3,30,31) -0.33317 -0.07880 -0.07712
 D26   D(4,3,30,32)  2.80777  3.06094  3.06194
 D27     D(3,4,5,1) -0.01335 -0.02413  0.00582
 D28    D(3,4,5,12)  3.12976  3.09290  3.01070
 D29    D(22,4,5,1)  3.13896  3.13083 -3.04952
 D30   D(22,4,5,12) -0.00112 -0.03531 -0.04464
 D31   D(1,5,12,11)  3.12506 -3.13862 -2.69591
 D32   D(1,5,12,13) -0.00305  0.06237  0.51910
 D33   D(4,5,12,11) -0.01821  0.03016  0.59584
 D34   D(4,5,12,13)  3.13686 -3.05204 -2.47234
 D35    D(11,6,7,8) -0.01305 -0.00235  0.01514
 D36   D(11,6,7,24)  3.12647  3.13115 -3.14013
 D37    D(23,6,7,8) -3.12770 -3.12189 -3.08707
 D38   D(23,6,7,24)  0.01182  0.01161  0.04084
 D39   D(7,6,11,10)  0.00919  0.00728 -0.05806
 D40   D(7,6,11,12) -3.13672  3.13862 -3.13396
 D41  D(23,6,11,10)  3.12403  3.12696  3.04351
 D42  D(23,6,11,12) -0.02188 -0.02488 -0.03239
 D43     D(6,7,8,9)  0.00476 -0.00323  0.03010
 D44    D(6,7,8,25) -3.13569  3.14117 -3.13896
 D45    D(24,7,8,9) -3.13475 -3.13668 -3.09769
 D46   D(24,7,8,25)  0.00798  0.00772  0.01644
 D47    D(7,8,9,10)  0.00738  0.00372 -0.03009
 D48    D(7,8,9,26) -3.13073 -3.12679  3.09770
 D49   D(25,8,9,10) -3.13535 -3.14068  3.13896
 D50   D(25,8,9,26)  0.00972  0.01200 -0.01643
 D51   D(8,9,10,11) -0.01120  0.00136 -0.01514
 D52   D(8,9,10,27) -3.12225 -3.10826  3.08709
 D53  D(26,9,10,11)  3.12693  3.13194  3.14012
 D54  D(26,9,10,27)  0.01588  0.02231 -0.04083
 D55   D(9,10,11,6)  0.00292 -0.00679  0.05806
 D56  D(9,10,11,12) -3.13435 -3.13803  3.13396
 D57  D(27,10,11,6)  3.11415  3.10293 -3.04353
 D58 D(27,10,11,12) -0.02312 -0.02831  0.03236
 D59   D(6,11,12,5)  2.24075  2.35052 -3.13613
 D60  D(6,11,12,13) -0.91432 -0.85146 -0.07488
 D61  D(10,11,12,5) -0.90519 -0.80164  0.07438
 D62 D(10,11,12,13)  2.22292  2.27956  3.13562
 D63  D(5,12,13,14)  3.02124  2.95029  2.47232
 D64  D(5,12,13,17) -0.02715 -0.08941 -0.51913
 D65 D(11,12,13,14) -0.10693 -0.13275 -0.59586
 D66 D(11,12,13,17)  3.12786  3.11074  2.69587
 D67 D(12,13,14,15) -3.06411 -3.04160 -3.01074
 D68 D(12,13,14,28)  0.03501  0.04476  0.04473
 D69 D(17,13,14,15) -0.00642  0.00836 -0.00585
 D70 D(17,13,14,28)  3.09269  3.09472  3.04962
 D71 D(12,13,17,16)  3.07183  3.05018  3.03121
 D72 D(12,13,17,19) -0.09103 -0.15642 -0.11158
 D73 D(14,13,17,16)  0.00412 -0.01098  0.00435
 D74 D(14,13,17,19)  3.12445  3.06561 -3.13845
 D75 D(13,14,15,16)  0.00610 -0.00291  0.00515
 D76 D(13,14,15,40) -3.14002  3.13519 -3.13320
 D77 D(28,14,15,16) -3.09184 -3.08760 -3.04949
 D78 D(28,14,15,40)  0.04522  0.05050  0.09535
 D79 D(14,15,16,17) -0.00373 -0.00396 -0.00252
 D80 D(14,15,16,29) -3.13692 -3.13202 -3.12690
 D81 D(40,15,16,17) -3.14091  3.14101  3.13593
 D82 D(40,15,16,29)  0.00908  0.01295  0.01154
 D83 D(14,15,40,41)  0.35301  0.09530  0.07655
 D84 D(14,15,40,42) -2.78690 -3.04484 -3.06255
 D85 D(16,15,40,41) -2.79398 -3.05044 -3.06119
 D86 D(16,15,40,42)  0.34929  0.09261  0.08289
 D87 D(15,16,17,13) -0.00025  0.00925 -0.00111
 D88 D(15,16,17,19) -3.12053 -3.06723 -3.14142
 D89 D(29,16,17,13)  3.13378  3.13878  3.12523
 D90 D(29,16,17,19)  0.01351  0.06230 -0.01508
 D91  D(13,17,19,1)  0.19783  0.35828  0.64732
 D92 D(13,17,19,18)  2.28690  2.44744  2.70924
 D93 D(13,17,19,20) -1.86977 -1.71608 -1.41379
 D94  D(16,17,19,1) -2.96870 -2.85904 -2.49571
 D95 D(16,17,19,18) -0.87964 -0.76987 -0.43379
 D96 D(16,17,19,20)  1.24688  1.34979  1.72637
 D97  D(3,30,31,33)  3.13937  3.14106  3.13579
 D98  D(3,30,31,36) -0.01784 -0.00609 -0.01308
 D99 D(32,30,31,33) -0.00159  0.00124 -0.00337
D100 D(32,30,31,36)  3.12438  3.13728  3.13095
D101  D(3,30,32,34)  3.13967 -3.14053 -3.13607
D102  D(3,30,32,37) -0.01776 -0.00720 -0.00164
D103 D(31,30,32,34) -0.00256 -0.00073  0.00308
D104 D(31,30,32,37)  3.12320  3.13260  3.13750
D105 D(30,31,33,35)  0.00419 -0.00079  0.00120
D106 D(30,31,33,38)  3.13804  3.13939  3.13974
D107 D(36,31,33,35) -3.12197 -3.13689 -3.13320
D108 D(36,31,33,38)  0.01189  0.00329  0.00533
D109 D(30,32,34,35)  0.00407 -0.00022 -0.00064
D110 D(30,32,34,39)  3.13806  3.13908  3.13888
D111 D(37,32,34,35) -3.12188 -3.13366 -3.13516
D112 D(37,32,34,39)  0.01212  0.00564  0.00436
D113 D(31,33,35,34) -0.00265 -0.00020  0.00134
D114 D(31,33,35,50)  3.13873 -3.14125 -3.14115
D115 D(38,33,35,34) -3.13635 -3.14035 -3.13714
D116 D(38,33,35,50)  0.00504  0.00178  0.00355
D117 D(32,34,35,33) -0.00141  0.00070 -0.00162
D118 D(32,34,35,50)  3.14038 -3.14139  3.14080
D119 D(39,34,35,33) -3.13560 -3.13867 -3.14120
D120 D(39,34,35,50)  0.00618  0.00243  0.00122
D121 D(33,35,50,51)  0.00134 -0.00099  0.00314
D122 D(34,35,50,51) -3.14046  3.14113 -3.13933
D123 D(15,40,41,43) -3.13718 -3.14008 -3.13584
D124 D(15,40,41,46)  0.02087  0.00981  0.01298
D125 D(42,40,41,43)  0.00279  0.00011  0.00336
D126 D(42,40,41,46) -3.12235 -3.13318 -3.13101
D127 D(15,40,42,44) -3.14147  3.13988  3.13613
D128 D(15,40,42,47)  0.01615  0.00649  0.00164
D129 D(41,40,42,44)  0.00175 -0.00030 -0.00306
D130 D(41,40,42,47) -3.12382 -3.13369 -3.13754
D131 D(40,41,43,45) -0.00494  0.00016 -0.00121
D132 D(40,41,43,48) -3.13787 -3.13892 -3.13976
D133 D(46,41,43,45)  3.12039  3.13354  3.13324
D134 D(46,41,43,48) -0.01255 -0.00554 -0.00531
D135 D(40,42,44,45) -0.00411  0.00022  0.00064
D136 D(40,42,44,49) -3.13803 -3.13917 -3.13891
D137 D(47,42,44,45)  3.12165  3.13371  3.13521
D138 D(47,42,44,49) -0.01227 -0.00568 -0.00434
D139 D(41,43,45,44)  0.00251 -0.00024 -0.00133
D140 D(41,43,45,55) -3.13835 -3.14131  3.14117
D141 D(48,43,45,44)  3.13527  3.13879  3.13717
D142 D(48,43,45,55) -0.00559 -0.00229 -0.00352
D143 D(42,44,45,43)  0.00193  0.00005  0.00161
D144 D(42,44,45,55) -3.14033  3.14117 -3.14081
D145 D(49,44,45,43)  3.13606  3.13951  3.14121
D146 D(49,44,45,55) -0.00620 -0.00256 -0.00120
D147 D(43,45,55,56)  0.00033 -0.00029 -0.00317
D148 D(44,45,55,56) -3.14055 -3.14138  3.13929
D149 D(35,50,51,52)  3.13949  3.14123  3.13935
D150 D(35,50,51,53) -1.06731 -1.06606 -1.06780
D151 D(35,50,51,54)  1.06277  1.06509  1.06310
D152 D(45,55,56,57) -3.13967 -3.14108 -3.13933
D153 D(45,55,56,58) -1.06301 -1.06491 -1.06307
D154 D(45,55,56,59)  1.06715  1.06628  1.06782
