optS0 = -1603.15231614
tdS0 = -1603.06256775
optS1 = -1603.07083328
optR1 = -1603.0647392

Name     Definition    optS0    optS1    optR1
  R1         R(1,2)  2.52153  2.52058  2.51496
  R2         R(1,5)  2.62528  2.66536  2.66043
  R3        R(1,19)  2.93934  2.91681  2.91951
  R4         R(2,3)  2.67939  2.68610  2.68573
  R5        R(2,21)  2.05639  2.05509  2.05411
  R6         R(3,4)  2.63727  2.67295  2.67301
  R7        R(3,30)  2.77948  2.73974  2.74313
  R8         R(4,5)  2.67487  2.64894  2.64513
  R9        R(4,22)  2.05288  2.04926  2.04909
 R10        R(5,12)  2.65561  2.68814  2.72922
 R11         R(6,7)  2.63180  2.63107  2.62539
 R12        R(6,11)  2.65117  2.65837  2.67673
 R13        R(6,23)  2.06138  2.06202  2.05375
 R14         R(7,8)  2.63685  2.63794  2.63856
 R15        R(7,24)  2.06024  2.06110  2.06106
 R16         R(8,9)  2.63691  2.63713  2.63856
 R17        R(8,25)  2.06062  2.06062  2.05993
 R18        R(9,10)  2.63179  2.63192  2.62540
 R19        R(9,26)  2.06020  2.06113  2.06106
 R20       R(10,11)  2.65101  2.65767  2.67672
 R21       R(10,27)  2.06125  2.06109  2.05374
 R22       R(11,12)  2.79404  2.78155  2.74543
 R23       R(12,13)  2.65555  2.68960  2.72923
 R24       R(13,14)  2.67491  2.64780  2.64511
 R25       R(13,17)  2.62380  2.66213  2.66042
 R26       R(14,15)  2.63717  2.67294  2.67301
 R27       R(14,28)  2.05332  2.05048  2.04908
 R28       R(15,16)  2.67967  2.68765  2.68574
 R29       R(15,40)  2.77931  2.73916  2.74312
 R30       R(16,17)  2.52154  2.51992  2.51496
 R31       R(16,29)  2.05626  2.05493  2.05411
 R32       R(17,19)  2.93647  2.91371  2.91951
 R33       R(18,19)  2.62878  2.63604  2.62596
 R34       R(19,20)  2.63631  2.64845  2.63706
 R35       R(30,31)  2.64243  2.65927  2.65727
 R36       R(30,32)  2.65716  2.67319  2.67154
 R37       R(31,33)  2.63611  2.62552  2.62661
 R38       R(31,36)  2.06215  2.06017  2.06034
 R39       R(32,34)  2.61893  2.60766  2.60883
 R40       R(32,37)  2.06216  2.06021  2.06031
 R41       R(33,35)  2.64328  2.65115  2.65010
 R42       R(33,38)  2.05685  2.05643  2.05640
 R43       R(34,35)  2.65004  2.65982  2.65843
 R44       R(34,39)  2.06014  2.05956  2.05962
 R45       R(35,50)  2.56183  2.54459  2.54637
 R46       R(40,41)  2.64241  2.65950  2.65727
 R47       R(40,42)  2.65728  2.67339  2.67155
 R48       R(41,43)  2.63626  2.62536  2.62660
 R49       R(41,46)  2.06225  2.06022  2.06034
 R50       R(42,44)  2.61879  2.60753  2.60882
 R51       R(42,47)  2.06214  2.06013  2.06031
 R52       R(43,45)  2.64314  2.65128  2.65011
 R53       R(43,48)  2.05686  2.05641  2.05641
 R54       R(44,45)  2.65023  2.65996  2.65843
 R55       R(44,49)  2.06016  2.05956  2.05962
 R56       R(45,55)  2.56188  2.54436  2.54637
 R57       R(50,51)  2.67604  2.68203  2.68145
 R58       R(51,52)  2.06879  2.06782  2.06790
 R59       R(51,53)  2.08137  2.07993  2.07999
 R60       R(51,54)  2.08137  2.07994  2.08006
 R61       R(55,56)  2.67596  2.68217  2.68146
 R62       R(56,57)  2.06878  2.06780  2.06790
 R63       R(56,58)  2.08136  2.07992  2.08006
 R64       R(56,59)  2.08142  2.07992  2.07999
  A1       A(2,1,5)  1.88952  1.89858  1.90886
  A2      A(2,1,19)  2.19073  2.17833  2.23167
  A3      A(5,1,19)  2.19236  2.19231  2.14264
  A4       A(1,2,3)  1.93006  1.91967  1.91365
  A5      A(1,2,21)  2.10119  2.09922  2.09853
  A6      A(3,2,21)  2.25154  2.26368  2.27086
  A7       A(2,3,4)  1.84507  1.84935  1.84860
  A8      A(2,3,30)  2.19947  2.19570  2.19761
  A9      A(4,3,30)  2.23859  2.23808  2.23696
 A10       A(3,4,5)  1.87765  1.87952  1.88353
 A11      A(3,4,22)  2.22001  2.21741  2.20524
 A12      A(5,4,22)  2.18546  2.18618  2.19077
 A13       A(1,5,4)  1.88237  1.87732  1.87012
 A14      A(1,5,12)  2.10904  2.10392  2.08498
 A15      A(4,5,12)  2.29177  2.30168  2.32008
 A16      A(7,6,11)  2.09702  2.10844  2.11951
 A17      A(7,6,23)  2.09953  2.09361  2.06835
 A18     A(11,6,23)  2.08633  2.08091  2.09463
 A19       A(6,7,8)  2.09710  2.09961  2.10716
 A20      A(6,7,24)  2.08839  2.08717  2.08000
 A21      A(8,7,24)  2.09769  2.09637  2.09594
 A22       A(7,8,9)  2.09348  2.08569  2.07402
 A23      A(7,8,25)  2.09482  2.09883  2.10441
 A24      A(9,8,25)  2.09489  2.09867  2.10441
 A25      A(8,9,10)  2.09736  2.10049  2.10716
 A26      A(8,9,26)  2.09757  2.09610  2.09594
 A27     A(10,9,26)  2.08825  2.08653  2.08000
 A28     A(9,10,11)  2.09680  2.10753  2.11950
 A29     A(9,10,27)  2.09863  2.09075  2.06834
 A30    A(11,10,27)  2.08736  2.08443  2.09464
 A31     A(6,11,10)  2.08450  2.06458  2.03706
 A32     A(6,11,12)  2.09613  2.10115  2.12211
 A33    A(10,11,12)  2.10255  2.11740  2.12217
 A34     A(5,12,11)  2.09965  2.12041  2.14995
 A35     A(5,12,13)  2.09276  2.06529  1.98089
 A36    A(11,12,13)  2.09069  2.09594  2.14986
 A37    A(12,13,14)  2.28610  2.28872  2.32003
 A38    A(12,13,17)  2.11151  2.11189  2.08503
 A39    A(14,13,17)  1.88250  1.87886  1.87012
 A40    A(13,14,15)  1.87744  1.87879  1.88353
 A41    A(13,14,28)  2.18384  2.18077  2.19075
 A42    A(15,14,28)  2.22095  2.22203  2.20528
 A43    A(14,15,16)  1.84525  1.84915  1.84859
 A44    A(14,15,40)  2.23698  2.23819  2.23692
 A45    A(16,15,40)  2.20095  2.19583  2.19767
 A46    A(15,16,17)  1.92939  1.91884  1.91365
 A47    A(15,16,29)  2.25274  2.26481  2.27086
 A48    A(17,16,29)  2.10103  2.09945  2.09854
 A49    A(13,17,16)  1.89018  1.89907  1.90886
 A50    A(13,17,19)  2.19450  2.19088  2.14260
 A51    A(16,17,19)  2.19821  2.19133  2.23171
 A52     A(1,19,17)  1.84145  1.82920  1.78739
 A53     A(1,19,18)  1.93169  1.93431  1.93099
 A54     A(1,19,20)  1.91489  1.92455  1.93229
 A55    A(17,19,18)  1.92619  1.93293  1.93099
 A56    A(17,19,20)  1.92246  1.92930  1.93229
 A57    A(18,19,20)  1.92558  1.91248  1.94432
 A58     A(3,30,31)  2.11250  2.11064  2.11273
 A59     A(3,30,32)  2.11453  2.12069  2.11855
 A60    A(31,30,32)  2.05615  2.05185  2.05190
 A61    A(30,31,33)  2.12476  2.12654  2.12643
 A62    A(30,31,36)  2.08933  2.08817  2.08905
 A63    A(33,31,36)  2.06898  2.06846  2.06768
 A64    A(30,32,34)  2.11418  2.11538  2.11556
 A65    A(30,32,37)  2.09447  2.09458  2.09476
 A66    A(34,32,37)  2.07443  2.07319  2.07284
 A67    A(31,33,35)  2.08736  2.08645  2.08677
 A68    A(31,33,38)  2.08056  2.08273  2.08244
 A69    A(35,33,38)  2.11523  2.11401  2.11398
 A70    A(32,34,35)  2.10056  2.10028  2.10026
 A71    A(32,34,39)  2.11554  2.11795  2.11769
 A72    A(35,34,39)  2.06706  2.06495  2.06523
 A73    A(33,35,34)  2.08335  2.08588  2.08544
 A74    A(33,35,50)  2.17460  2.17409  2.17401
 A75    A(34,35,50)  2.02524  2.02321  2.02374
 A76    A(15,40,41)  2.11115  2.10985  2.11269
 A77    A(15,40,42)  2.11584  2.12141  2.11859
 A78    A(41,40,42)  2.05619  2.05193  2.05190
 A79    A(40,41,43)  2.12490  2.12655  2.12644
 A80    A(40,41,46)  2.08851  2.08760  2.08905
 A81    A(43,41,46)  2.06966  2.06901  2.06767
 A82    A(40,42,44)  2.11400  2.11526  2.11556
 A83    A(40,42,47)  2.09468  2.09466  2.09476
 A84    A(44,42,47)  2.07439  2.07324  2.07284
 A85    A(41,43,45)  2.08716  2.08635  2.08676
 A86    A(41,43,48)  2.08064  2.08288  2.08243
 A87    A(45,43,48)  2.11535  2.11395  2.11399
 A88    A(42,44,45)  2.10070  2.10030  2.10027
 A89    A(42,44,49)  2.11555  2.11800  2.11769
 A90    A(45,44,49)  2.06691  2.06488  2.06522
 A91    A(43,45,44)  2.08341  2.08599  2.08544
 A92    A(43,45,55)  2.17469  2.17401  2.17402
 A93    A(44,45,55)  2.02508  2.02318  2.02373
 A94    A(35,50,51)  2.04785  2.05591  2.05472
 A95    A(50,51,52)  1.85251  1.84981  1.85011
 A96    A(50,51,53)  1.94104  1.93726  1.93776
 A97    A(50,51,54)  1.94104  1.93739  1.93758
 A98    A(52,51,53)  1.91036  1.91305  1.91277
 A99    A(52,51,54)  1.91063  1.91318  1.91303
A100    A(53,51,54)  1.90737  1.91220  1.91165
A101    A(45,55,56)  2.04778  2.05604  2.05472
A102    A(55,56,57)  1.85251  1.84973  1.85011
A103    A(55,56,58)  1.94112  1.93734  1.93758
A104    A(55,56,59)  1.94103  1.93716  1.93775
A105    A(57,56,58)  1.91054  1.91327  1.91303
A106    A(57,56,59)  1.91036  1.91307  1.91277
A107    A(58,56,59)  1.90740  1.91230  1.91165
  D1     D(5,1,2,3) -0.00011 -0.01300  0.00041
  D2    D(5,1,2,21) -3.11408 -3.12026 -3.12508
  D3    D(19,1,2,3)  2.99255  2.95791 -3.13877
  D4   D(19,1,2,21) -0.12143 -0.14935  0.01894
  D5     D(2,1,5,4)  0.00836  0.02351 -0.00368
  D6    D(2,1,5,12) -3.13262 -3.09630 -3.02669
  D7    D(19,1,5,4) -2.98413 -2.94569  3.13564
  D8   D(19,1,5,12)  0.15808  0.21768  0.11263
  D9   D(2,1,19,17)  3.07853  2.94803  2.48806
 D10   D(2,1,19,18)  0.99486  0.86216  0.42967
 D11   D(2,1,19,20) -1.13416 -1.25859 -1.73463
 D12   D(5,1,19,17) -0.23727 -0.39268 -0.65081
 D13   D(5,1,19,18) -2.32094 -2.47855 -2.70920
 D14   D(5,1,19,20)  1.83322  1.68389  1.40968
 D15     D(1,2,3,4) -0.00821 -0.00240  0.00297
 D16    D(1,2,3,30) -3.13925 -3.13332 -3.13465
 D17    D(21,2,3,4)  3.10273  3.10065  3.12637
 D18   D(21,2,3,30) -0.02832 -0.03026 -0.01126
 D19     D(2,3,4,5)  0.01300  0.01684 -0.00518
 D20    D(2,3,4,22) -3.14058 -3.13758  3.04849
 D21    D(30,3,4,5) -3.13945 -3.13577  3.13233
 D22   D(30,3,4,22) -0.00985 -0.00701 -0.09719
 D23   D(2,3,30,31)  2.78154  3.04412  3.05758
 D24   D(2,3,30,32) -0.36074 -0.09901 -0.08666
 D25   D(4,3,30,31) -0.34712 -0.08440 -0.07916
 D26   D(4,3,30,32)  2.79378  3.05565  3.05978
 D27     D(3,4,5,1) -0.01344 -0.02468  0.00547
 D28    D(3,4,5,12)  3.12746  3.09172  3.00592
 D29    D(22,4,5,1)  3.13985  3.12944 -3.04911
 D30   D(22,4,5,12) -0.00244 -0.03734 -0.04867
 D31   D(1,5,12,11)  3.12522 -3.13907 -2.69350
 D32   D(1,5,12,13) -0.00219  0.06216  0.52159
 D33   D(4,5,12,11) -0.01560  0.03041  0.60310
 D34   D(4,5,12,13)  3.14018 -3.05155 -2.46499
 D35    D(11,6,7,8) -0.01293 -0.00273  0.01540
 D36   D(11,6,7,24)  3.12646  3.13032 -3.14064
 D37    D(23,6,7,8) -3.12800 -3.12097 -3.08599
 D38   D(23,6,7,24)  0.01140  0.01209  0.04116
 D39   D(7,6,11,10)  0.00919  0.00761 -0.05899
 D40   D(7,6,11,12) -3.13683  3.13878 -3.13631
 D41  D(23,6,11,10)  3.12445  3.12602  3.04180
 D42  D(23,6,11,12) -0.02157 -0.02600 -0.03552
 D43     D(6,7,8,9)  0.00468 -0.00314  0.03053
 D44    D(6,7,8,25) -3.13576  3.14127 -3.13940
 D45    D(24,7,8,9) -3.13471 -3.13615 -3.09648
 D46   D(24,7,8,25)  0.00804  0.00826  0.01677
 D47    D(7,8,9,10)  0.00731  0.00397 -0.03053
 D48    D(7,8,9,26) -3.13066 -3.12615  3.09649
 D49   D(25,8,9,10) -3.13544 -3.14044  3.13941
 D50   D(25,8,9,26)  0.00978  0.01263 -0.01676
 D51   D(8,9,10,11) -0.01102  0.00107 -0.01541
 D52   D(8,9,10,27) -3.12250 -3.10713  3.08601
 D53  D(26,9,10,11)  3.12697  3.13124  3.14063
 D54  D(26,9,10,27)  0.01549  0.02304 -0.04115
 D55   D(9,10,11,6)  0.00277 -0.00678  0.05899
 D56  D(9,10,11,12) -3.13438 -3.13784  3.13631
 D57  D(27,10,11,6)  3.11445  3.10154 -3.04182
 D58 D(27,10,11,12) -0.02271 -0.02953  0.03550
 D59   D(6,11,12,5)  2.23669  2.35418 -3.13525
 D60  D(6,11,12,13) -0.91907 -0.84808 -0.07420
 D61  D(10,11,12,5) -0.90937 -0.79816  0.07375
 D62 D(10,11,12,13)  2.21806  2.28277  3.13479
 D63  D(5,12,13,14)  3.01890  2.94607  2.46497
 D64  D(5,12,13,17) -0.02751 -0.09086 -0.52163
 D65 D(11,12,13,14) -0.10858 -0.13675 -0.60313
 D66 D(11,12,13,17)  3.12819  3.10950  2.69346
 D67 D(12,13,14,15) -3.06200 -3.03932 -3.00596
 D68 D(12,13,14,28)  0.03539  0.04540  0.04875
 D69 D(17,13,14,15) -0.00612  0.00817 -0.00550
 D70 D(17,13,14,28)  3.09127  3.09288  3.04921
 D71 D(12,13,17,16)  3.07008  3.04792  3.02672
 D72 D(12,13,17,19) -0.09644 -0.15712 -0.11257
 D73 D(14,13,17,16)  0.00394 -0.01101  0.00370
 D74 D(14,13,17,19)  3.12060  3.06714 -3.13559
 D75 D(13,14,15,16)  0.00580 -0.00258  0.00521
 D76 D(13,14,15,40) -3.14064  3.13524 -3.13227
 D77 D(28,14,15,16) -3.09037 -3.08556 -3.04858
 D78 D(28,14,15,40)  0.04638  0.05226  0.09713
 D79 D(14,15,16,17) -0.00352 -0.00431 -0.00299
 D80 D(14,15,16,29) -3.13599 -3.13223 -3.12644
 D81 D(40,15,16,17) -3.14040  3.14093  3.13461
 D82 D(40,15,16,29)  0.01031  0.01301  0.01115
 D83 D(14,15,40,41)  0.36363  0.09364  0.07858
 D84 D(14,15,40,42) -2.77615 -3.04661 -3.06040
 D85 D(16,15,40,41) -2.78373 -3.05243 -3.05812
 D86 D(16,15,40,42)  0.35967  0.09051  0.08609
 D87 D(15,16,17,13) -0.00026  0.00949 -0.00041
 D88 D(15,16,17,19) -3.11686 -3.06863  3.13872
 D89 D(29,16,17,13)  3.13311  3.13891  3.12513
 D90 D(29,16,17,19)  0.01652  0.06079 -0.01892
 D91  D(13,17,19,1)  0.20653  0.36159  0.65077
 D92 D(13,17,19,18)  2.29384  2.44839  2.70916
 D93 D(13,17,19,20) -1.85891 -1.71177 -1.40972
 D94  D(16,17,19,1) -2.96430 -2.85384 -2.48806
 D95 D(16,17,19,18) -0.87699 -0.76704 -0.42967
 D96 D(16,17,19,20)  1.25345  1.35598  1.73463
 D97  D(3,30,31,33)  3.13899  3.14122  3.13562
 D98  D(3,30,31,36) -0.01919 -0.00677 -0.01352
 D99 D(32,30,31,33) -0.00194  0.00111 -0.00342
D100 D(32,30,31,36)  3.12307  3.13630  3.13063
D101  D(3,30,32,34)  3.13990 -3.14068 -3.13587
D102  D(3,30,32,37) -0.01802 -0.00768 -0.00179
D103 D(31,30,32,34) -0.00236 -0.00058  0.00316
D104 D(31,30,32,37)  3.12290  3.13242  3.13724
D105 D(30,31,33,35)  0.00440 -0.00075  0.00120
D106 D(30,31,33,38)  3.13771  3.13907  3.13971
D107 D(36,31,33,35) -3.12079 -3.13602 -3.13293
D108 D(36,31,33,38)  0.01251  0.00381  0.00557
D109 D(30,32,34,35)  0.00416 -0.00029 -0.00071
D110 D(30,32,34,39)  3.13795  3.13902  3.13872
D111 D(37,32,34,35) -3.12129 -3.13340 -3.13488
D112 D(37,32,34,39)  0.01251  0.00591  0.00455
D113 D(31,33,35,34) -0.00256 -0.00015  0.00136
D114 D(31,33,35,50)  3.13871 -3.14127 -3.14110
D115 D(38,33,35,34) -3.13570 -3.13994 -3.13708
D116 D(38,33,35,50)  0.00558  0.00212  0.00364
D117 D(32,34,35,33) -0.00164  0.00067 -0.00160
D118 D(32,34,35,50)  3.14025 -3.14136  3.14078
D119 D(39,34,35,33) -3.13565 -3.13871 -3.14109
D120 D(39,34,35,50)  0.00624  0.00245  0.00129
D121 D(33,35,50,51)  0.00154 -0.00147  0.00308
D122 D(34,35,50,51) -3.14036  3.14058 -3.13935
D123 D(15,40,41,43) -3.13683 -3.14008 -3.13566
D124 D(15,40,41,46)  0.02176  0.00968  0.01343
D125 D(42,40,41,43)  0.00302  0.00021  0.00341
D126 D(42,40,41,46) -3.12158 -3.13321 -3.13069
D127 D(15,40,42,44)  3.14146  3.13999  3.13592
D128 D(15,40,42,47)  0.01640  0.00645  0.00179
D129 D(41,40,42,44)  0.00162 -0.00030 -0.00314
D130 D(41,40,42,47) -3.12344 -3.13383 -3.13728
D131 D(40,41,43,45) -0.00506  0.00003 -0.00121
D132 D(40,41,43,48) -3.13772 -3.13908 -3.13973
D133 D(46,41,43,45)  3.11971  3.13353  3.13297
D134 D(46,41,43,48) -0.01295 -0.00557 -0.00554
D135 D(40,42,44,45) -0.00417  0.00014  0.00070
D136 D(40,42,44,49) -3.13789 -3.13923 -3.13874
D137 D(47,42,44,45)  3.12108  3.13378  3.13493
D138 D(47,42,44,49) -0.01265 -0.00560 -0.00452
D139 D(41,43,45,44)  0.00244 -0.00019 -0.00134
D140 D(41,43,45,55) -3.13840 -3.14129  3.14111
D141 D(48,43,45,44)  3.13492  3.13887  3.13711
D142 D(48,43,45,55) -0.00592 -0.00223 -0.00362
D143 D(42,44,45,43)  0.00209  0.00011  0.00159
D144 D(42,44,45,55) -3.14020  3.14125 -3.14079
D145 D(49,44,45,43)  3.13603  3.13955  3.14110
D146 D(49,44,45,55) -0.00626 -0.00249 -0.00128
D147 D(43,45,55,56)  0.00037 -0.00047 -0.00311
D148 D(44,45,55,56) -3.14049 -3.14159  3.13931
D149 D(35,50,51,52)  3.13932 -3.14152  3.13927
D150 D(35,50,51,53) -1.06753 -1.06563 -1.06790
D151 D(35,50,51,54)  1.06265  1.06555  1.06305
D152 D(45,55,56,57) -3.13966 -3.14117 -3.13926
D153 D(45,55,56,58) -1.06307 -1.06502 -1.06303
D154 D(45,55,56,59)  1.06720  1.06619  1.06792
