optS0 = -1603.15231614
tdS0  = -1603.06256775
optS1 = -1603.07083328
optR1 = -1603.0647392

Name     Definition  -optS0_Value  -optS1_Value  -optR1_Value
  R1         R(1,2)        1.3343        1.3338        1.3309
  R2         R(1,5)        1.3892        1.4104        1.4078
  R3        R(1,19)        1.5554        1.5435        1.5449
  R4         R(2,3)        1.4179        1.4214        1.4212
  R5        R(2,21)        1.0882        1.0875        1.0870
  R6         R(3,4)        1.3956        1.4145        1.4145
  R7        R(3,30)        1.4708        1.4498        1.4516
  R8         R(4,5)        1.4155        1.4018        1.3997
  R9        R(4,22)        1.0863        1.0844        1.0843
 R10        R(5,12)        1.4053        1.4225        1.4442
 R11         R(6,7)        1.3927        1.3923        1.3893
 R12        R(6,11)        1.4029        1.4067        1.4165
 R13        R(6,23)        1.0908        1.0912        1.0868
 R14         R(7,8)        1.3954        1.3959        1.3963
 R15        R(7,24)        1.0902        1.0907        1.0907
 R16         R(8,9)        1.3954        1.3955        1.3963
 R17        R(8,25)        1.0904        1.0904        1.0901
 R18        R(9,10)        1.3927        1.3928        1.3893
 R19        R(9,26)        1.0902        1.0907        1.0907
 R20       R(10,11)        1.4029        1.4064        1.4165
 R21       R(10,27)        1.0908        1.0907        1.0868
 R22       R(11,12)        1.4785        1.4719        1.4528
 R23       R(12,13)        1.4053        1.4233        1.4442
 R24       R(13,14)        1.4155        1.4012        1.3997
 R25       R(13,17)        1.3885        1.4087        1.4078
 R26       R(14,15)        1.3955        1.4145        1.4145
 R27       R(14,28)        1.0866        1.0851        1.0843
 R28       R(15,16)        1.4180        1.4222        1.4212
 R29       R(15,40)        1.4707        1.4495        1.4516
 R30       R(16,17)        1.3343        1.3335        1.3309
 R31       R(16,29)        1.0881        1.0874        1.0870
 R32       R(17,19)        1.5539        1.5419        1.5449
 R33       R(18,19)        1.3911        1.3949        1.3896
 R34       R(19,20)        1.3951        1.4015        1.3955
 R35       R(30,31)        1.3983        1.4072        1.4062
 R36       R(30,32)        1.4061        1.4146        1.4137
 R37       R(31,33)        1.3950        1.3894        1.3899
 R38       R(31,36)        1.0912        1.0902        1.0903
 R39       R(32,34)        1.3859        1.3799        1.3805
 R40       R(32,37)        1.0912        1.0902        1.0903
 R41       R(33,35)        1.3988        1.4029        1.4024
 R42       R(33,38)        1.0884        1.0882        1.0882
 R43       R(34,35)        1.4023        1.4075        1.4068
 R44       R(34,39)        1.0902        1.0899        1.0899
 R45       R(35,50)        1.3557        1.3465        1.3475
 R46       R(40,41)        1.3983        1.4073        1.4062
 R47       R(40,42)        1.4062        1.4147        1.4137
 R48       R(41,43)        1.3950        1.3893        1.3899
 R49       R(41,46)        1.0913        1.0902        1.0903
 R50       R(42,44)        1.3858        1.3798        1.3805
 R51       R(42,47)        1.0912        1.0902        1.0903
 R52       R(43,45)        1.3987        1.4030        1.4024
 R53       R(43,48)        1.0884        1.0882        1.0882
 R54       R(44,45)        1.4024        1.4076        1.4068
 R55       R(44,49)        1.0902        1.0899        1.0899
 R56       R(45,55)        1.3557        1.3464        1.3475
 R57       R(50,51)        1.4161        1.4193        1.4190
 R58       R(51,52)        1.0948        1.0942        1.0943
 R59       R(51,53)        1.1014        1.1007        1.1007
 R60       R(51,54)        1.1014        1.1007        1.1007
 R61       R(55,56)        1.4161        1.4193        1.4190
 R62       R(56,57)        1.0948        1.0942        1.0943
 R63       R(56,58)        1.1014        1.1006        1.1007
 R64       R(56,59)        1.1014        1.1006        1.1007
  A1       A(2,1,5)      108.2616      108.7803      109.3699
  A2      A(2,1,19)      125.5198      124.8092      127.8654
  A3      A(5,1,19)      125.6133      125.6104      122.7645
  A4       A(1,2,3)      110.5841      109.9888      109.6443
  A5      A(1,2,21)      120.3895      120.2765      120.2372
  A6      A(3,2,21)      129.0037      129.6990      130.1106
  A7       A(2,3,4)      105.7150      105.9599      105.9169
  A8      A(2,3,30)      126.0201      125.8046      125.9140
  A9      A(4,3,30)      128.2618      128.2323      128.1686
 A10       A(3,4,5)      107.5813      107.6884      107.9182
 A11      A(3,4,22)      127.1974      127.0485      126.3509
 A12      A(5,4,22)      125.2175      125.2588      125.5222
 A13       A(1,5,4)      107.8520      107.5627      107.1497
 A14      A(1,5,12)      120.8390      120.5455      119.4604
 A15      A(4,5,12)      131.3090      131.8768      132.9309
 A16      A(7,6,11)      120.1507      120.8047      121.4388
 A17      A(7,6,23)      120.2939      119.9549      118.5077
 A18     A(11,6,23)      119.5381      119.2271      120.0134
 A19       A(6,7,8)      120.1552      120.2990      120.7311
 A20      A(6,7,24)      119.6557      119.5862      119.1751
 A21      A(8,7,24)      120.1889      120.1129      120.0885
 A22       A(7,8,9)      119.9474      119.5011      118.8326
 A23      A(7,8,25)      120.0244      120.2538      120.5737
 A24      A(9,8,25)      120.0281      120.2449      120.5736
 A25      A(8,9,10)      120.1700      120.3493      120.7314
 A26      A(8,9,26)      120.1817      120.0979      120.0883
 A27     A(10,9,26)      119.6480      119.5496      119.1750
 A28     A(9,10,11)      120.1379      120.7524      121.4385
 A29     A(9,10,27)      120.2427      119.7913      118.5073
 A30    A(11,10,27)      119.5970      119.4290      120.0142
 A31     A(6,11,10)      119.4331      118.2919      116.7150
 A32     A(6,11,12)      120.0994      120.3872      121.5879
 A33    A(10,11,12)      120.4670      121.3181      121.5914
 A34     A(5,12,11)      120.3011      121.4906      123.1830
 A35     A(5,12,13)      119.9063      118.3325      113.4969
 A36    A(11,12,13)      119.7875      120.0886      123.1781
 A37    A(12,13,14)      130.9839      131.1341      132.9279
 A38    A(12,13,17)      120.9804      121.0026      119.4631
 A39    A(14,13,17)      107.8592      107.6508      107.1501
 A40    A(13,14,15)      107.5693      107.6467      107.9185
 A41    A(13,14,28)      125.1250      124.9491      125.5205
 A42    A(15,14,28)      127.2509      127.3132      126.3529
 A43    A(14,15,16)      105.7249      105.9487      105.9165
 A44    A(14,15,40)      128.1692      128.2388      128.1662
 A45    A(16,15,40)      126.1052      125.8120      125.9169
 A46    A(15,16,17)      110.5458      109.9415      109.6440
 A47    A(15,16,29)      129.0722      129.7643      130.1108
 A48    A(17,16,29)      120.3799      120.2898      120.2373
 A49    A(13,17,16)      108.2995      108.8086      109.3699
 A50    A(13,17,19)      125.7356      125.5282      122.7622
 A51    A(16,17,19)      125.9479      125.5539      127.8677
 A52     A(1,19,17)      105.5071      104.8052      102.4096
 A53     A(1,19,18)      110.6778      110.8276      110.6374
 A54     A(1,19,20)      109.7153      110.2684      110.7123
 A55    A(17,19,18)      110.3623      110.7486      110.6373
 A56    A(17,19,20)      110.1487      110.5406      110.7123
 A57    A(18,19,20)      110.3278      109.5770      111.4015
 A58     A(3,30,31)      121.0371      120.9310      121.0506
 A59     A(3,30,32)      121.1539      121.5068      121.3839
 A60    A(31,30,32)      117.8090      117.5621      117.5654
 A61    A(30,31,33)      121.7396      121.8419      121.8354
 A62    A(30,31,36)      119.7099      119.6432      119.6937
 A63    A(33,31,36)      118.5439      118.5139      118.4695
 A64    A(30,32,34)      121.1333      121.2024      121.2129
 A65    A(30,32,37)      120.0041      120.0105      120.0207
 A66    A(34,32,37)      118.8562      118.7853      118.7650
 A67    A(31,33,35)      119.5969      119.5446      119.5629
 A68    A(31,33,38)      119.2073      119.3315      119.3148
 A69    A(35,33,38)      121.1940      121.1238      121.1220
 A70    A(32,34,35)      120.3534      120.3370      120.3363
 A71    A(32,34,39)      121.2113      121.3497      121.3349
 A72    A(35,34,39)      118.4338      118.3132      118.3288
 A73    A(33,35,34)      119.3672      119.5120      119.4868
 A74    A(33,35,50)      124.5952      124.5663      124.5615
 A75    A(34,35,50)      116.0377      115.9217      115.9516
 A76    A(15,40,41)      120.9601      120.8853      121.0481
 A77    A(15,40,42)      121.2290      121.5478      121.3864
 A78    A(41,40,42)      117.8108      117.5669      117.5653
 A79    A(40,41,43)      121.7476      121.8421      121.8360
 A80    A(40,41,46)      119.6628      119.6104      119.6937
 A81    A(43,41,46)      118.5827      118.5458      118.4690
 A82    A(40,42,44)      121.1233      121.1953      121.2124
 A83    A(40,42,47)      120.0166      120.0150      120.0211
 A84    A(44,42,47)      118.8535      118.7881      118.7651
 A85    A(41,43,45)      119.5855      119.5389      119.5624
 A86    A(41,43,48)      119.2118      119.3403      119.3146
 A87    A(45,43,48)      121.2007      121.1206      121.1227
 A88    A(42,44,45)      120.3613      120.3382      120.3367
 A89    A(42,44,49)      121.2119      121.3525      121.3350
 A90    A(45,44,49)      118.4253      118.3091      118.3282
 A91    A(43,45,44)      119.3708      119.5185      119.4868
 A92    A(43,45,55)      124.6004      124.5619      124.5619
 A93    A(44,45,55)      116.0288      115.9197      115.9512
 A94    A(35,50,51)      117.3331      117.7952      117.7269
 A95    A(50,51,52)      106.1410      105.9861      106.0037
 A96    A(50,51,53)      111.2135      110.9966      111.0252
 A97    A(50,51,54)      111.2133      111.0042      111.0153
 A98    A(52,51,53)      109.4558      109.6096      109.5936
 A99    A(52,51,54)      109.4713      109.6171      109.6085
A100    A(53,51,54)      109.2841      109.5611      109.5294
A101    A(45,55,56)      117.3289      117.8024      117.7269
A102    A(55,56,57)      106.1409      105.9819      106.0037
A103    A(55,56,58)      111.2177      111.0014      111.0149
A104    A(55,56,59)      111.2127      110.9911      111.0251
A105    A(57,56,58)      109.4660      109.6221      109.6087
A106    A(57,56,59)      109.4554      109.6110      109.5938
A107    A(58,56,59)      109.2860      109.5670      109.5296
  D1     D(5,1,2,3)       -0.0062       -0.7447        0.0232
  D2    D(5,1,2,21)     -178.4239     -178.7775     -179.0537
  D3    D(19,1,2,3)      171.4605      169.4758     -179.8382
  D4   D(19,1,2,21)       -6.9572       -8.5570        1.0849
  D5     D(2,1,5,4)        0.4788        1.3472       -0.2107
  D6    D(2,1,5,12)     -179.4861     -177.4049     -173.4167
  D7    D(19,1,5,4)     -170.9779     -168.7754      179.6591
  D8   D(19,1,5,12)        9.0571       12.4725        6.4532
  D9   D(2,1,19,17)      176.3869      168.9095      142.5555
 D10   D(2,1,19,18)       57.0014       49.3979       24.6186
 D11   D(2,1,19,20)      -64.9827      -72.1120      -99.3868
 D12   D(5,1,19,17)      -13.5945      -22.4990      -37.2890
 D13   D(5,1,19,18)     -132.9800     -142.0106     -155.2259
 D14   D(5,1,19,20)      105.0359       96.4795       80.7687
 D15     D(1,2,3,4)       -0.4702       -0.1376        0.1703
 D16    D(1,2,3,30)     -179.8659     -179.5259     -179.6024
 D17    D(21,2,3,4)      177.7733      177.6543      179.1276
 D18   D(21,2,3,30)       -1.6224       -1.7340       -0.6452
 D19     D(2,3,4,5)        0.7451        0.9648       -0.2967
 D20    D(2,3,4,22)     -179.9420     -179.7700      174.6653
 D21    D(30,3,4,5)     -179.8774     -179.6667      179.4691
 D22   D(30,3,4,22)       -0.5645       -0.4015       -5.5688
 D23   D(2,3,30,31)      159.3700      174.4146      175.1858
 D24   D(2,3,30,32)      -20.6695       -5.6738       -4.9663
 D25   D(4,3,30,31)      -19.8892       -4.8367       -4.5362
 D26   D(4,3,30,32)      160.0714      175.0749      175.3118
 D27     D(3,4,5,1)       -0.7699       -1.4142        0.3136
 D28    D(3,4,5,12)      179.1900      177.1423      172.2263
 D29    D(22,4,5,1)      179.9000      179.3040     -174.7012
 D30   D(22,4,5,12)       -0.1401       -2.1394       -2.7885
 D31   D(1,5,12,11)      179.0617     -179.8555     -154.3262
 D32   D(1,5,12,13)       -0.1256        3.5612       29.8851
 D33   D(4,5,12,11)       -0.8939        1.7425       34.5552
 D34   D(4,5,12,13)      179.9188     -174.8409     -141.2336
 D35    D(11,6,7,8)       -0.7411       -0.1567        0.8824
 D36   D(11,6,7,24)      179.1331      179.3543     -179.9455
 D37    D(23,6,7,8)     -179.2210     -178.8186     -176.8141
 D38   D(23,6,7,24)        0.6532        0.6924        2.3581
 D39   D(7,6,11,10)        0.5264        0.4361       -3.3798
 D40   D(7,6,11,12)     -179.7270      179.8387     -179.6974
 D41  D(23,6,11,10)      179.0178      179.1076      174.2825
 D42  D(23,6,11,12)       -1.2356       -1.4898       -2.0351
 D43     D(6,7,8,9)        0.2681       -0.1797        1.7493
 D44    D(6,7,8,25)     -179.6656      179.9815     -179.8746
 D45    D(24,7,8,9)     -179.6054     -179.6881     -177.4154
 D46   D(24,7,8,25)        0.4609        0.4731        0.9607
 D47    D(7,8,9,10)        0.4191        0.2272       -1.7491
 D48    D(7,8,9,26)     -179.3733     -179.1149      177.4160
 D49   D(25,8,9,10)     -179.6472     -179.9339      179.8748
 D50   D(25,8,9,26)        0.5603        0.7239       -0.9601
 D51   D(8,9,10,11)       -0.6313        0.0611       -0.8827
 D52   D(8,9,10,27)     -178.9059     -178.0256      176.8152
 D53  D(26,9,10,11)      179.1623      179.4068      179.9447
 D54  D(26,9,10,27)        0.8876        1.3202       -2.3575
 D55   D(9,10,11,6)        0.1588       -0.3883        3.3800
 D56  D(9,10,11,12)     -179.5869     -179.7851      179.6974
 D57  D(27,10,11,6)      178.4446      177.7052     -174.2837
 D58 D(27,10,11,12)       -1.3011       -1.6916        2.0337
 D59   D(6,11,12,5)      128.1531      134.8844     -179.6363
 D60  D(6,11,12,13)      -52.6586      -48.5913       -4.2515
 D61  D(10,11,12,5)      -52.1029      -45.7313        4.2255
 D62 D(10,11,12,13)      127.0854      130.7930      179.6104
 D63  D(5,12,13,14)      172.9702      168.7976      141.2322
 D64  D(5,12,13,17)       -1.5764       -5.2058      -29.8872
 D65 D(11,12,13,14)       -6.2213       -7.8353      -34.5568
 D66 D(11,12,13,17)      179.2321      178.1613      154.3238
 D67 D(12,13,14,15)     -175.4397     -174.1402     -172.2289
 D68 D(12,13,14,28)        2.0275        2.6010        2.7932
 D69 D(17,13,14,15)       -0.3504        0.4678       -0.3152
 D70 D(17,13,14,28)      177.1168      177.2090      174.7068
 D71 D(12,13,17,16)      175.9028      174.6329      173.4181
 D72 D(12,13,17,19)       -5.5253       -9.0022       -6.4496
 D73 D(14,13,17,16)        0.2256       -0.6307        0.2119
 D74 D(14,13,17,19)      178.7975      175.7341     -179.6558
 D75 D(13,14,15,16)        0.3321       -0.1481        0.2983
 D76 D(13,14,15,40)     -179.9453      179.6357     -179.4657
 D77 D(28,14,15,16)     -177.0654     -176.7895     -174.6709
 D78 D(28,14,15,40)        2.6572        2.9943        5.5651
 D79 D(14,15,16,17)       -0.2019       -0.2470       -0.1712
 D80 D(14,15,16,29)     -179.6790     -179.4637     -179.1319
 D81 D(40,15,16,17)     -179.9320      179.9623      179.5997
 D82 D(40,15,16,29)        0.5909        0.7457        0.6390
 D83 D(14,15,40,41)       20.8340        5.3650        4.5030
 D84 D(14,15,40,42)     -159.0625     -174.5578     -175.3472
 D85 D(16,15,40,41)     -159.4965     -174.8913     -175.2168
 D86 D(16,15,40,42)       20.6070        5.1860        4.9331
 D87 D(15,16,17,13)       -0.0152        0.5439       -0.0234
 D88 D(15,16,17,19)     -178.5832     -175.8198      179.8357
 D89 D(29,16,17,13)      179.5143      179.8465      179.0566
 D90 D(29,16,17,19)        0.9462        3.4829       -1.0843
 D91  D(13,17,19,1)       11.8329       20.7176       37.2865
 D92 D(13,17,19,18)      131.4272      140.2822      155.2235
 D93 D(13,17,19,20)     -106.5079      -98.0773      -80.7712
 D94  D(16,17,19,1)     -169.8421     -163.5129     -142.5554
 D95 D(16,17,19,18)      -50.2478      -43.9484      -24.6184
 D96 D(16,17,19,20)       71.8171       77.6922       99.3869
 D97  D(3,30,31,33)      179.8506      179.9787      179.6579
 D98  D(3,30,31,36)       -1.0997       -0.3881       -0.7745
 D99 D(32,30,31,33)       -0.1112        0.0637       -0.1957
D100 D(32,30,31,36)      178.9385      179.6969      179.3719
D101  D(3,30,32,34)      179.9032     -179.9478     -179.6722
D102  D(3,30,32,37)       -1.0327       -0.4400       -0.1027
D103 D(31,30,32,34)       -0.1351       -0.0334        0.1808
D104 D(31,30,32,37)      178.9291      179.4745      179.7504
D105 D(30,31,33,35)        0.2523       -0.0432        0.0690
D106 D(30,31,33,38)      179.7774      179.8555      179.8919
D107 D(36,31,33,35)     -178.8081     -179.6804     -179.5037
D108 D(36,31,33,38)        0.7170        0.2182        0.3192
D109 D(30,32,34,35)        0.2381       -0.0166       -0.0406
D110 D(30,32,34,39)      179.7913      179.8525      179.8353
D111 D(37,32,34,35)     -178.8366     -179.5303     -179.6154
D112 D(37,32,34,39)        0.7166        0.3388        0.2604
D113 D(31,33,35,34)       -0.1469       -0.0087        0.0779
D114 D(31,33,35,50)      179.8349     -179.9816     -179.9715
D115 D(38,33,35,34)     -179.6624     -179.9055     -179.7417
D116 D(38,33,35,50)        0.3194        0.1216        0.2089
D117 D(32,34,35,33)       -0.0938        0.0382       -0.0919
D118 D(32,34,35,50)      179.9229     -179.9866      179.9534
D119 D(39,34,35,33)     -179.6592     -179.8348     -179.9714
D120 D(39,34,35,50)        0.3574        0.1403        0.0739
D121 D(33,35,50,51)        0.0887       -0.0845        0.1761
D122 D(34,35,50,51)     -179.9290      179.9418     -179.8718
D123 D(15,40,41,43)     -179.7270     -179.9135     -179.6603
D124 D(15,40,41,46)        1.2469        0.5546        0.7693
D125 D(42,40,41,43)        0.1729        0.0123        0.1954
D126 D(42,40,41,46)     -178.8532     -179.5197     -179.3750
D127 D(15,40,42,44)      179.9924      179.9082      179.6750
D128 D(15,40,42,47)        0.9399        0.3697        0.1025
D129 D(41,40,42,44)        0.0928       -0.0170       -0.1802
D130 D(41,40,42,47)     -178.9597     -179.5555     -179.7527
D131 D(40,41,43,45)       -0.2901        0.0015       -0.0695
D132 D(40,41,43,48)     -179.7780     -179.8561     -179.8931
D133 D(46,41,43,45)      178.7462      179.5382      179.5060
D134 D(46,41,43,48)       -0.7417       -0.3194       -0.3176
D135 D(40,42,44,45)       -0.2387        0.0080        0.0403
D136 D(40,42,44,49)     -179.7879     -179.8649     -179.8367
D137 D(47,42,44,45)      178.8246      179.5521      179.6181
D138 D(47,42,44,49)       -0.7246       -0.3208       -0.2589
D139 D(41,43,45,44)        0.1399       -0.0109       -0.0770
D140 D(41,43,45,55)     -179.8169     -179.9829      179.9723
D141 D(48,43,45,44)      179.6174      179.8441      179.7433
D142 D(48,43,45,55)       -0.3393       -0.1279       -0.2074
D143 D(42,44,45,43)        0.1196        0.0062        0.0914
D144 D(42,44,45,55)     -179.9200      179.9806     -179.9538
D145 D(49,44,45,43)      179.6812      179.8829      179.9720
D146 D(49,44,45,55)       -0.3584       -0.1427       -0.0731
D147 D(43,45,55,56)        0.0215       -0.0268       -0.1784
D148 D(44,45,55,56)     -179.9366     -179.9998      179.8694
D149 D(35,50,51,52)      179.8695     -179.9959      179.8670
D150 D(35,50,51,53)      -61.1649      -61.0561      -61.1864
D151 D(35,50,51,54)       60.8853       61.0512       60.9080
D152 D(45,55,56,57)     -179.8895     -179.9760     -179.8661
D153 D(45,55,56,58)      -60.9094      -61.0211      -60.9071
D154 D(45,55,56,59)       61.1458       61.0879       61.1872
